     2
     3
     4
     5
     6
     7
     8
     9
    10
    11
    12
    13
    14
    15
    16
    17
    18
    19
    20
    21
    22
    23
    24
    25
    26
    27
    28
    29
    30
    31
    32
    33
    34
    35
    36
    37
    38
    39
    40
    41
    42
    43
    44
    45
    46
    47
    48
    49
    50
    51
    52
    53
    54
    55
    56
    57
    58
    59
    60
    61
    62
    63
    64
    65
    66
    67
    68
    69
    70
    71
    72
    73
    74
    75
    76
    77
    78
    79
    80
    81
    82
    83
    84
    85
    86
    87
    88
    89
    90
    91
    92
    93
    94
    95
    96
    97
    98
   210
   319
   320
   321
   322
   323
   324
   325
   326
   327
   328
   329
   330
   331
   332
   333
   334
   335
   336
   337
   338
   339
   340
   341
   342
   343
   344
   345
   346
   347
   348
   349
   350
   351
   352
   353
   354
   355
   356
   357
   358
   359
   360
   361
   362
   363
   364
   365
   366
   367
   368
   369
   370
   371
   372
   373
  6060
  7366
  7367
  7368
 12437
 12438
 12439
 12440
 12441
 12442
 12443
 12444
 12445
 12446
 12447
 12448
 12449
 12450
 12451
 12452
 12453
 12454
 12455
 12456
 12457
 12458
 12459
 12460
 12461
 12462
 12463
 12464
 12465
 12466
 12467
 12468
 12469
 12470
 12471
 12472
 12473
 12474
 12475
 12476
 12477
 12478
 12479
 12480
 12481
 12482
 12483
 12484
 12485
 12486
 12487
 12488
 12489
 12490
 12491
 12492
 12493
 12494
 12495
 12496
 12497
 12498
 12499
 12500
 12501
 12502
 12503
 12504
 12505
 12506
 12507
 12508
 12509
 12510
 12511
 12512
 12513
 12514
 12515
 12516
 12517
 12518
 12519
 12520
 12521
 12522
 12523
 12524
 12525
 12526
 12527
 12528
 12529
 12530
 12531
 12532
 12533
 12534
 12535
 12536
 12537
 12538
 12539
 12540
 12541
 12670
 21690
 21691
 21692
 21693
 21694
 21695
 21696
 21697
 21698
 21699
 21700
 21701
 21702
 21703
 21704
 21705
 21706
 21707
 21708
 21709
 21710
 21711
 21712
 21713
 21714
 21715
 21716
 21717
 21718
 21719
 21720
 21721
 21722
 21723
 21724
 21725
 21726
 21727
 21728
 21729
 21730
 21731
 21732
 21733
 21734
 21735
 21736
 21737
 21738
 21739
 21740
 21741
 21742
 21743
 21744
 21745
 21874
 30894
 30895
 31295
 31296
 31297
 37149
 63875
 63876
 63877
 63878
 63879
 63880
 83130
 83131
 83132
 83133
 83134
 83135
 83136
 83137
 83138
 83139
 83140
 83141
 83142
 83143
 83144
 83145
 83146
 83147
 83148
 83149
 83150
 83151
 83152
 83153
 83154
 83155
 83156
 83157
 83158
 83159
 83160
 83161
 83162
 83350
 83351
 83352
 83353
 83354
 83355
 83356
 83357
 83358
 83359
 83360
 83361
 83362
 83363
 83364
 83365
 83366
 83367
 83368
 83368
 83369
 83370
 83371
 83372
 83397
 83398
 83399
 83400
 83401
 83402
 83403
 83404
 83405
 83406
 83407
 83408
 83409
 83410
 83411
 83412
 83413
 83414
 83415
 83416
 83417
 83418
 83419
 83420
 83421
 83422
 83423
 83424
 83425
 83426
 83427
 83428
 83429
 83430
 83431
 83432
 83433
 83434
 83435
 83436
 83437
 83438
 83439
 83440
 83441
 83442
 83443
 83444
 83445
 83446
 83447
 83448
 83449
 83450
 83451
 83452
 83453
 83454
 83455
 83456
 83457
 83458
 83459
 83460
 83461
 83462
 83463
 83464
 83465
 83466
 83467
 83468
 83469
 83470
 83471
 83472
 83473
 83474
 83475
 83476
 83477
 83478
 83479
 83480
 83481
 83482
 83483
 83484
 83485
 83486
 83487
 83488
 83489
 83490
 83491
 83492
 83493
 83494
 83495
 83496
 83497
 83498
 83499
 83500
 83501
 83502
 83503
 83504
 83505
 83506
 83507
 83508
 83509
 83510
 83511
 83512
 83513
 83514
 83515
 83516
 83517
 83518
 83519
 83520
 83521
 83522
 83523
 83524
 83525
 83526
 83527
 83528
 83529
 83530
 83531
 83532
 83533
 83534
 83535
 83536
 83537
 83538
 83539
 83540
 83541
 83542
 83543
 83544
 83545
 83546
 83547
 83548
 83549
 83550
 83551
 83552
 83553
 83554
 83555
 83556
 83685
 92705
 92706
 92707
 92708
 92709
 92710
103178
103179
103180
103181
103182
103183
103184
103185
103186
103187
103188
103189
103190
103191
103192
103193
103194
103195
103196
103197
103198
103199
103200
103201
103202
103203
103204
103205
103206
103207
103208
103209
103210
103211
103212
103213
103214
103215
103216
103217
103218
103219
103220
103221
103222
103223
103224
103225
103226
103227
103228
103229
103230
103231
103232
103233
103256
103257
103367
103368
103423
103424
103425
103426
103427
103428
103429
103430
103431
103432
103433
103434
103435
103436
103437
103438
103439
103440
103441
103442
103443
103444
103445
103446
103447
103448
103449
103450
103451
103452
103453
103454
103455
103456
103457
103458
103459
103460
103461
103462
103591
112611
112612
113012
113013
113014
113015
113016
113017
113018
113019
113020
113021
113022
113023
113024
113025
113026
113027
113028
113029
113030
113031
113032
113033
113034
113035
113036
113037
113038
113039
113040
113041
113042
113043
113044
113045
113046
113047
113048
113049
113050
113051
113052
113053
113054
113055
113056
113057
113058
113059
113060
113061
113062
113063
113064
113065
113066
113067
113068
113069
113070
113071
113072
113201
122221
122222
122223
122224
122225
127839
127840
127841
127842
127843
127844
127845
127846
127847
127848
127849
127850
127851
127852
127853
127854
127855
127856
127857
127858
127859
127860
127861
127862
127863
127864
127865
127866
127867
127868
127869
127870
127871
127872
127873
127874
127875
127876
127877
127878
127879
127880
127881
127882
127883
127884
127885
127886
127887
127888
127889
127890
127891
127892
127893
127894
127895
127896
127910
127911
127912
127913
127914
127915
127916
127917
127918
127919
127920
127921
127922
127923
127924
127925