6.890e-07
4.170e-07
3.720e-07
4.010e-07
4.760e-07
4.430e-07
4.370e-07
3.910e-07
4.950e-07
5.210e-07
4.430e-07
4.600e-07
5.040e-07
4.130e-07
4.750e-07
6.230e-07
7.200e-07
5.090e-07
5.610e-07
6.910e-07
7.000e-07
5.580e-07
5.760e-07
6.360e-07
9.130e-07
8.960e-07
8.190e-07
7.870e-07
8.700e-07
1.240e-06
9.740e-07
8.090e-07
7.890e-07
9.320e-07
1.048e-06
1.064e-06
1.094e-06
9.550e-07
9.920e-07
1.133e-06
1.109e-06
1.113e-06
1.091e-06
1.089e-06
1.045e-06
1.118e-06
1.100e-06
3.312e-06
1.161e-06
1.338e-06
1.223e-06
1.278e-06
1.375e-06
1.313e-06
1.361e-06
1.442e-06
1.526e-06
1.398e-06
1.410e-06
1.399e-06
1.392e-06
1.463e-06
1.543e-06
1.577e-06
1.529e-06
1.592e-06
1.540e-06
1.552e-06
1.838e-06
1.563e-06
1.588e-06
1.593e-06
1.662e-06
3.625e-06
1.619e-06
3.372e-06
1.823e-06
1.771e-06
1.714e-06
1.738e-06
1.912e-06
1.977e-06
1.963e-06
1.906e-06
1.941e-06
1.843e-06
2.002e-06
1.872e-06
1.884e-06
1.868e-06
2.035e-06
2.140e-06
2.194e-06
2.069e-06
2.064e-06
2.181e-06
2.261e-06
5.892e-06
8.701e-06
8.500e-06
8.592e-06
8.871e-06
9.120e-06
1.192e-05
1.012e-05
1.008e-05
9.613e-06
9.904e-06
1.025e-05
9.806e-06
1.159e-05
1.163e-05
1.070e-05
1.036e-05
1.085e-05
1.064e-05
1.108e-05
1.043e-05
1.070e-05
1.057e-05
1.085e-05
1.119e-05
1.084e-05
1.153e-05
1.090e-05
1.139e-05
1.095e-05
1.158e-05
1.128e-05
1.149e-05
1.169e-05
1.373e-05
1.172e-05
1.153e-05
1.219e-05
1.190e-05
1.259e-05
1.256e-05
1.253e-05
1.260e-05
1.208e-05
1.263e-05
1.252e-05
1.304e-05
1.289e-05
1.248e-05
1.274e-05
1.348e-05
1.293e-05
1.293e-05
1.289e-05
1.374e-05
1.328e-05
1.121e-04
1.346e-04
1.436e-04
2.204e-04
3.367e-04
4.058e-04
3.674e-04
4.110e-04
3.993e-04
3.899e-04
4.240e-04
4.493e-04
4.382e-04
4.582e-04
4.618e-04
4.688e-04
4.742e-04
4.816e-04
4.806e-04
4.867e-04
4.867e-04
5.014e-04
4.970e-04
4.989e-04
5.031e-04
4.970e-04
5.094e-04
5.188e-04
5.196e-04
5.237e-04
5.342e-04
5.379e-04
5.449e-04
5.425e-04
5.494e-04
5.478e-04
5.507e-04
5.504e-04
5.585e-04
7.857e-04
6.171e-04
6.223e-04
6.115e-04
5.949e-04
5.919e-04
5.773e-04
5.772e-04
5.456e-04
4.755e-04
4.427e-04
7.688e-04
4.924e-04
4.405e-04
4.576e-04
4.356e-04
4.435e-04
4.575e-04
4.388e-04
4.404e-04
4.581e-04
4.673e-04
4.713e-04
4.856e-04
4.737e-04
4.669e-04
4.827e-04
4.869e-04
4.849e-04
4.933e-04
4.650e-04
7.706e-04
5.047e-04
4.831e-04
4.441e-04
4.663e-04
4.440e-04
6.046e-04
5.052e-04
7.485e-04
5.409e-04
5.016e-04
4.711e-04
4.630e-04
6.866e-04
8.051e-04
8.000e-04
7.529e-04
9.883e-04
7.861e-04
7.427e-04
7.572e-04
7.561e-04
8.319e-04
8.453e-04
8.344e-04
1.136e-03
9.224e-04
9.178e-04
8.757e-04
8.673e-04
8.799e-04
8.206e-04
8.217e-04
7.812e-04
7.256e-04
6.440e-04
9.123e-04
6.759e-04
6.335e-04
6.398e-04
7.375e-04
7.767e-04
7.515e-04
8.986e-04
1.160e-03
8.718e-04
8.571e-04
7.925e-04
7.041e-04
8.901e-04
8.460e-04
1.117e-03
9.089e-04
9.283e-04
8.303e-04
1.335e-03
9.563e-04
9.420e-04
9.644e-04
9.040e-04
8.331e-04
1.136e-03
1.036e-03
1.335e-03
1.054e-03
1.091e-03
1.073e-03
9.815e-04
1.147e-03
1.015e-03
1.000e-03
8.909e-04
8.609e-04
9.556e-04
9.310e-04
9.206e-04
1.033e-03
8.949e-04
1.019e-03
9.599e-04
9.706e-04
1.080e-03
1.035e-03
9.608e-04
9.699e-04
1.362e-03
1.251e-03
1.045e-03
9.184e-04
9.229e-04
1.434e-03
1.114e-03
1.171e-03
1.159e-03
1.352e-03
1.139e-03
1.380e-03
1.296e-03
1.262e-03
1.229e-03
1.395e-03
1.286e-03
1.319e-03
1.940e-03
1.890e-03
2.019e-03
1.987e-03
1.899e-03
3.029e-03
3.690e-03
2.939e-03
3.312e-03
2.833e-03
3.103e-03
4.222e-03
3.147e-03
5.078e-03
4.772e-03
4.936e-03
4.632e-03
4.821e-03
4.807e-03
3.700e-03
4.186e-03
3.581e-03
3.304e-03
3.104e-03
2.784e-03
2.966e-03
3.119e-03
3.153e-03
3.060e-03
2.920e-03
3.097e-03
3.583e-03
3.030e-03
3.372e-03
3.721e-03
3.408e-03
3.119e-03
3.291e-03
3.246e-03
3.148e-03
3.175e-03
4.016e-03
3.366e-03
3.535e-03
3.490e-03
3.847e-03
4.476e-03
3.776e-03
3.320e-03
3.442e-03
3.958e-03
3.720e-03
3.625e-03
4.143e-03
3.520e-03
3.607e-03
3.439e-03
3.934e-03
4.410e-03
4.378e-03
3.792e-03
3.872e-03
3.663e-03
3.875e-03
3.523e-03
3.603e-03
3.652e-03
3.706e-03
4.681e-03
4.674e-03
3.704e-03
4.017e-03
4.282e-03
4.312e-03
3.938e-03
4.317e-03
3.891e-03
3.822e-03
4.493e-03
5.085e-03
3.908e-03
3.817e-03
3.901e-03
4.053e-03
4.413e-03
4.400e-03
3.816e-03
4.755e-03
5.238e-03
4.963e-03
4.437e-03
4.599e-03
4.397e-03
4.209e-03
5.318e-03
4.579e-03
4.931e-03
4.348e-03
4.971e-03
4.183e-03
4.328e-03
4.632e-03
4.520e-03
4.821e-03
4.340e-03
4.480e-03
4.122e-03
5.425e-03
4.578e-03
5.130e-03
4.407e-03
4.778e-03
4.512e-03
4.439e-03
4.209e-03
4.463e-03
5.724e-03
5.285e-03
4.647e-03
4.546e-03
4.377e-03
4.708e-03
4.476e-03
5.301e-03
5.126e-03
5.078e-03
4.513e-03
4.643e-03
4.979e-03
6.620e-03
4.878e-03
4.914e-03
4.719e-03
5.039e-03
5.242e-03
5.034e-03
5.644e-03
4.933e-03
5.179e-03
4.734e-03
4.783e-03
4.993e-03
6.413e-03
5.219e-03
5.262e-03
5.110e-03
5.403e-03
4.934e-03
5.232e-03
6.229e-03
5.928e-03
5.208e-03
5.508e-03
5.257e-03
4.952e-03
5.996e-03
5.659e-03
5.626e-03
5.314e-03
5.271e-03
5.442e-03
5.252e-03
5.061e-03
5.296e-03
6.025e-03
6.480e-03
5.489e-03
5.583e-03
5.090e-03
5.665e-03
6.108e-03
5.522e-03
5.393e-03
6.589e-03
5.652e-03
5.963e-03
5.754e-03
6.085e-03
5.781e-03
5.354e-03
6.343e-03
6.174e-03
6.153e-03
5.780e-03
5.766e-03
5.524e-03
5.266e-03
6.695e-03
6.325e-03
5.992e-03
5.885e-03
6.130e-03
6.312e-03
5.841e-03
6.898e-03
6.260e-03
6.003e-03
5.702e-03
6.931e-03
5.947e-03
6.302e-03
6.785e-03
5.619e-03
6.776e-03
5.997e-03
6.093e-03
6.143e-03
6.501e-03
7.380e-03
5.992e-03
6.120e-03
6.183e-03
6.371e-03
6.678e-03
7.599e-03
6.153e-03
6.092e-03
6.003e-03
6.103e-03
6.068e-03
6.262e-03
7.921e-03
6.705e-03
6.853e-03
6.663e-03
6.465e-03
7.452e-03
8.115e-03
6.751e-03
6.840e-03
7.474e-03
7.658e-03
7.073e-03
7.616e-03
6.958e-03
8.032e-03
7.693e-03
7.369e-03
7.357e-03
8.386e-03
7.808e-03
7.085e-03
6.946e-03
7.229e-03
8.366e-03
8.528e-03
7.452e-03
7.185e-03
7.969e-03
8.446e-03
8.420e-03
7.416e-03
8.407e-03
7.900e-03
7.304e-03
8.516e-03
8.286e-03
8.071e-03
7.573e-03
7.813e-03
9.197e-03
8.431e-03
8.649e-03
8.474e-03
8.319e-03
9.524e-03
8.514e-03
8.238e-03
7.854e-03
8.298e-03
9.431e-03
8.432e-03
8.255e-03
7.880e-03
8.619e-03
9.645e-03
8.117e-03
7.657e-03
8.240e-03
8.426e-03
9.308e-03
8.419e-03
9.570e-03
7.900e-03
8.223e-03
8.448e-03
9.320e-03
8.076e-03
8.185e-03
7.717e-03
1.031e-02
8.554e-03
8.334e-03
8.882e-03
9.474e-03
9.243e-03
8.512e-03
8.441e-03
8.770e-03
8.976e-03
8.860e-03
9.046e-03
8.497e-03
8.496e-03
9.528e-03
8.552e-03
8.135e-03
9.721e-03
8.516e-03
9.483e-03
9.403e-03
9.078e-03
8.554e-03
9.088e-03
1.021e-02
8.947e-03
9.040e-03
8.664e-03
1.037e-02
9.279e-03
8.729e-03
9.518e-03
9.134e-03
9.815e-03
8.301e-03
9.620e-03
8.897e-03
8.988e-03
1.125e-02
9.850e-03
9.136e-03
9.313e-03
1.067e-02
9.551e-03
9.133e-03
9.861e-03
1.017e-02
9.859e-03
9.882e-03
9.855e-03
9.448e-03
1.001e-02
9.502e-03
9.911e-03
1.046e-02
1.047e-02
9.737e-03
1.074e-02
9.737e-03
1.075e-02
1.089e-02
1.044e-02
9.514e-03
1.154e-02
1.036e-02
9.654e-03
1.033e-02
1.097e-02
1.020e-02
9.475e-03
1.107e-02
9.647e-03
9.808e-03
1.124e-02
1.007e-02
1.015e-02
1.082e-02
9.963e-03
1.025e-02
9.920e-03
1.114e-02
1.076e-02
1.132e-02
1.112e-02
1.068e-02
1.023e-02
9.942e-03
1.119e-02
1.163e-02
1.070e-02
1.134e-02
1.099e-02
1.118e-02
1.206e-02
1.018e-02
1.146e-02
1.169e-02
1.094e-02
1.042e-02
1.253e-02
1.092e-02
1.122e-02
1.150e-02
1.182e-02
1.065e-02
1.168e-02
1.074e-02
1.195e-02
1.200e-02
1.143e-02
1.225e-02
1.145e-02
1.135e-02
1.128e-02
1.206e-02
1.130e-02
1.113e-02
1.108e-02
1.331e-02
1.161e-02
1.168e-02
1.323e-02
1.193e-02
1.217e-02
1.213e-02
1.201e-02
1.250e-02
1.226e-02
1.239e-02
1.260e-02
1.204e-02
1.252e-02
1.166e-02
1.187e-02
1.257e-02
1.211e-02
1.185e-02
1.285e-02
1.208e-02
1.221e-02
1.275e-02
1.185e-02
1.367e-02
1.232e-02
1.193e-02
1.286e-02
1.244e-02
1.275e-02
1.196e-02
1.352e-02
1.185e-02
1.228e-02
1.641e-02
1.200e-02
1.308e-02
1.374e-02
1.267e-02
1.220e-02
1.271e-02
1.414e-02
1.196e-02
1.223e-02
1.436e-02
1.261e-02
1.340e-02
1.391e-02
1.218e-02
1.407e-02
1.314e-02
1.308e-02
1.242e-02
1.272e-02
1.336e-02
1.364e-02
1.277e-02
1.371e-02
1.448e-02
1.270e-02
1.398e-02
1.273e-02
1.210e-02
1.517e-02
1.269e-02
1.361e-02