1.869e-06
1.395e-06
1.111e-06
1.101e-06
1.109e-06
8.470e-07
1.201e-06
1.212e-06
1.303e-06
1.288e-06
1.001e-06
9.870e-07
9.620e-07
9.620e-07
1.056e-06
1.162e-06
1.090e-06
1.045e-06
1.087e-06
1.192e-06
4.428e-06
1.104e-06
1.204e-06
1.182e-06
1.364e-06
1.377e-06
1.157e-06
1.198e-06
1.219e-06
1.337e-06
1.261e-06
1.269e-06
1.233e-06
1.437e-06
1.458e-06
3.764e-06
1.576e-06
1.446e-06
1.553e-06
1.560e-06
1.687e-06
1.541e-06
1.639e-06
1.598e-06
1.565e-06
4.036e-06
1.647e-06
1.751e-06
1.761e-06
1.765e-06
1.849e-06
1.874e-06
1.957e-06
4.154e-06
1.952e-06
2.241e-06
2.041e-06
2.225e-06
2.112e-06
2.135e-06
4.388e-06
2.184e-06
2.295e-06
2.279e-06
2.296e-06
2.338e-06
4.599e-06
2.408e-06
2.453e-06
2.389e-06
2.454e-06
4.653e-06
2.405e-06
2.462e-06
4.281e-06
4.777e-06
4.822e-06
2.607e-06
2.592e-06
2.623e-06
2.644e-06
4.918e-06
2.671e-06
2.673e-06
2.683e-06
2.706e-06
4.897e-06
2.765e-06
2.777e-06
2.834e-06
2.837e-06
4.980e-06
2.823e-06
2.840e-06
2.909e-06
5.223e-06
3.211e-06
3.427e-06
3.456e-06
5.950e-06
3.435e-06
3.366e-06
3.612e-06
5.694e-06
3.539e-06
3.491e-06
3.547e-06
5.833e-06
3.566e-06
3.571e-06
5.919e-06
3.777e-06
3.728e-06
3.797e-06
5.880e-06
3.825e-06
3.947e-06
5.843e-06
3.805e-06
3.861e-06
6.156e-06
4.092e-06
3.920e-06
3.952e-06
6.474e-06
3.926e-06
3.953e-06
1.034e-05
4.059e-06
4.006e-06
6.278e-06
4.143e-06
4.087e-06
6.042e-06
4.150e-06
4.176e-06
6.043e-06
4.240e-06
4.589e-06
9.452e-06
4.446e-06
4.281e-06
6.563e-06
4.307e-06
4.267e-06
8.548e-06
4.308e-06
6.527e-06
4.358e-06
4.407e-06
6.724e-06
4.427e-06
4.472e-06
6.787e-06
4.596e-06
4.630e-06
6.877e-06
4.797e-06
1.008e-05
5.058e-06
4.990e-06
7.240e-06
5.066e-06
5.115e-06
7.635e-06
4.972e-06
7.196e-06
5.234e-06
5.184e-06
7.431e-06
5.267e-06
7.406e-06
5.291e-06
7.321e-06
5.326e-06
5.418e-06
7.608e-06
5.434e-06
7.622e-06
5.469e-06
7.441e-06
5.440e-06
9.678e-06
5.573e-06
5.587e-06
7.564e-06
5.589e-06
7.814e-06
5.723e-06
7.563e-06
5.800e-06
8.453e-06
5.912e-06
7.932e-06
5.763e-06
7.902e-06
5.710e-06
5.789e-06
7.867e-06
5.862e-06
8.296e-06
5.867e-06
8.086e-06
6.115e-06
8.075e-06
9.249e-06
1.022e-05
9.616e-06
1.111e-05
9.937e-06
1.310e-05
9.533e-06
1.444e-05
9.743e-06
1.212e-05
9.623e-06
1.315e-05
9.752e-06
1.233e-05
9.785e-06
1.343e-05
1.110e-05
1.349e-05
1.193e-05
1.408e-05
1.466e-05
1.172e-05
1.474e-05
1.187e-05
1.693e-05
1.195e-05
1.501e-05
1.193e-05
1.464e-05
1.494e-05
1.202e-05
1.375e-05
1.096e-05
1.314e-05
1.103e-05
1.584e-05
1.332e-05
1.093e-05
1.350e-05
1.201e-05
1.494e-05
1.548e-05
1.257e-05
1.542e-05
1.264e-05
1.531e-05
1.525e-05
1.261e-05
1.639e-05
1.661e-05
1.616e-05
1.580e-05
1.280e-05
1.520e-05
1.259e-05
1.492e-05
1.439e-05
1.236e-05
1.495e-05
1.698e-05
9.869e-06
9.999e-06
7.842e-06
9.914e-06
1.006e-05
7.869e-06
9.954e-06
1.017e-05
8.123e-06
9.952e-06
1.010e-05
8.276e-06
1.035e-05
1.026e-05
8.128e-06
1.033e-05
1.039e-05
8.175e-06
1.221e-05
1.045e-05
8.399e-06
1.348e-05
1.694e-05
1.072e-05
8.675e-06
1.047e-05
1.073e-05
8.556e-06
1.081e-05
1.068e-05
1.089e-05
8.654e-06
1.066e-05
1.075e-05
8.850e-06
1.071e-05
1.130e-05
1.082e-05
8.927e-06
1.082e-05
1.260e-05
1.087e-05
9.245e-06
1.102e-05
1.125e-05
1.111e-05
9.013e-06
1.103e-05
1.153e-05
1.103e-05
9.061e-06
1.145e-05
1.142e-05
1.146e-05
9.431e-06
1.178e-05
1.170e-05
1.185e-05
1.209e-05
9.779e-06
1.384e-05
1.204e-05
1.300e-05
1.221e-05
9.823e-06
1.240e-05
1.834e-05
1.195e-05
1.267e-05
9.991e-06
1.230e-05
1.247e-05
1.236e-05
1.233e-05
1.278e-05
1.018e-05
1.257e-05
1.252e-05
1.424e-05
1.242e-05
1.268e-05
1.255e-05
1.053e-05
1.303e-05
1.293e-05
1.285e-05
1.301e-05
1.305e-05
1.320e-05
1.049e-05
1.300e-05
1.259e-05
1.249e-05
1.259e-05
1.257e-05
1.432e-05
1.312e-05
1.076e-05
1.290e-05
1.304e-05
1.347e-05
1.372e-05
1.295e-05
1.290e-05
1.321e-05
1.314e-05
1.095e-05
2.486e-05
1.344e-05
1.292e-05
1.306e-05
1.317e-05
1.486e-05
1.348e-05
1.347e-05
1.373e-05
1.306e-05
1.110e-05
1.326e-05
1.325e-05
1.379e-05
1.312e-05
1.373e-05
1.364e-05
1.389e-05
1.372e-05
1.381e-05
1.586e-05
1.409e-05
1.371e-05
1.369e-05
1.470e-05
1.399e-05
1.434e-05
1.397e-05
1.182e-05
1.398e-05
2.220e-05
1.429e-05
1.432e-05
1.603e-05
1.787e-05
1.994e-05
1.669e-05
1.439e-05
1.975e-05
1.475e-05
1.518e-05
1.441e-05
1.517e-05
1.468e-05
1.768e-05
2.202e-05
1.886e-05
1.907e-05
1.836e-05
1.846e-05
2.126e-05
1.977e-05
2.121e-05
2.103e-05
2.015e-05
2.037e-05
1.503e-05
2.071e-05
2.318e-05
1.508e-05
1.471e-05
1.473e-05
2.123e-05
2.057e-05
2.426e-05
2.223e-05
2.181e-05
2.194e-05
2.161e-05
2.399e-05
2.506e-05
2.452e-05
2.743e-05
2.444e-05
2.492e-05
2.570e-05
2.520e-05
2.473e-05
2.818e-05
2.523e-05
2.604e-05
2.471e-05
2.835e-05
2.518e-05
2.811e-05
2.569e-05
2.561e-05
2.595e-05
2.583e-05
2.580e-05
2.590e-05
2.519e-05
3.359e-05
2.526e-05
2.556e-05
2.602e-05
2.673e-05
2.629e-05
2.576e-05
2.898e-05
2.598e-05
2.603e-05
2.634e-05
2.610e-05
2.590e-05
2.676e-05
2.874e-05
2.583e-05
2.691e-05
2.714e-05
2.647e-05
2.613e-05
2.871e-05
2.621e-05
2.654e-05
2.637e-05
2.712e-05
3.241e-05
2.547e-05
2.590e-05
2.517e-05
2.668e-05
2.563e-05
2.835e-05
2.568e-05
2.630e-05
2.620e-05
2.573e-05
2.828e-05
2.888e-05
2.657e-05
2.625e-05
1.550e-05
1.886e-05
1.285e-05
1.297e-05
1.412e-05
1.261e-05
1.341e-05
1.291e-05
1.406e-05
1.467e-05
1.320e-05
1.296e-05
1.414e-05
1.300e-05
1.306e-05
1.290e-05
1.932e-05
1.300e-05
1.323e-05
1.436e-05
1.394e-05
1.494e-05
1.296e-05
1.207e-05
1.329e-05
1.271e-05
1.447e-05
1.327e-05
1.296e-05
1.355e-05
1.407e-05
1.305e-05
1.391e-05
1.591e-05
1.277e-05
1.379e-05
1.395e-05
1.345e-05
1.339e-05
1.452e-05
1.309e-05
1.382e-05
1.338e-05
1.426e-05
1.459e-05
1.322e-05
1.449e-05
1.336e-05
1.361e-05
1.474e-05
1.391e-05
1.363e-05
1.488e-05
1.392e-05
1.512e-05
1.513e-05
1.395e-05
1.629e-05
1.391e-05
1.415e-05
1.520e-05
1.398e-05
1.534e-05
1.385e-05
1.409e-05
1.679e-05
1.425e-05
1.415e-05
4.978e-05
7.258e-05
1.494e-05
2.384e-05
2.026e-05
1.417e-05
1.420e-05
1.642e-05
1.421e-05
1.545e-05
1.430e-05
1.424e-05
1.553e-05
1.434e-05
1.515e-05
1.449e-05
1.544e-05
1.220e-05
1.545e-05
1.232e-05
1.373e-05
1.506e-05
1.161e-05
1.360e-05
1.471e-05
1.021e-05
8.955e-06
1.015e-05
9.958e-06
9.237e-06
9.753e-06
9.265e-06
1.012e-05
9.216e-06
9.757e-06
9.522e-06
9.921e-06
9.121e-06
1.094e-05
9.466e-06
9.418e-06
1.026e-05
9.530e-06
1.138e-05
9.380e-06
1.034e-05
9.588e-06
1.071e-05
9.706e-06
1.148e-05
9.871e-06
1.076e-05
9.546e-06
1.062e-05
9.708e-06
1.045e-05
1.064e-05
9.692e-06
1.133e-05
9.821e-06
1.045e-05
9.738e-06
1.387e-05
1.289e-05
1.641e-05
1.501e-05
1.672e-05
1.700e-05
1.671e-05
1.581e-05
1.557e-05
1.710e-05
1.623e-05
1.641e-05
1.699e-05
1.667e-05
2.735e-05
1.638e-05
1.964e-05
1.653e-05
1.767e-05
1.771e-05
2.161e-05
1.677e-05
1.646e-05
1.741e-05
1.927e-05
1.832e-05
1.706e-05
1.680e-05
1.785e-05
2.469e-05
1.718e-05
1.787e-05
1.378e-05
1.749e-05
2.022e-05
1.673e-05
1.764e-05
1.683e-05
1.836e-05
1.678e-05
1.531e-05
1.836e-05
1.843e-05
1.808e-05
1.899e-05
1.886e-05
1.704e-05
1.756e-05
1.773e-05
1.719e-05
1.795e-05
1.906e-05
1.880e-05
1.776e-05
1.846e-05
1.762e-05
1.853e-05
1.887e-05
1.866e-05
1.910e-05
1.922e-05
1.775e-05
1.820e-05
1.896e-05
2.039e-05
1.655e-05
2.466e-05
1.789e-05
1.693e-05
2.026e-05
1.887e-05
1.655e-05
1.398e-05
1.645e-05
1.656e-05
1.724e-05
1.760e-05
1.932e-05
3.905e-05
3.343e-05
1.983e-05
1.857e-05
1.926e-05
1.994e-05
2.382e-05
1.926e-05
1.991e-05
1.861e-05
1.895e-05
1.850e-05
1.876e-05
1.995e-05
1.860e-05
2.023e-05
1.962e-05
2.076e-05
1.954e-05
1.866e-05
1.967e-05
1.999e-05
1.992e-05
2.896e-05
1.860e-05
2.111e-05
1.936e-05
1.848e-05
2.022e-05
1.901e-05
2.278e-05
2.035e-05
1.968e-05
2.061e-05
2.060e-05
1.973e-05
1.891e-05
1.995e-05
2.037e-05
2.013e-05
1.997e-05
2.155e-05
1.887e-05
1.997e-05
1.980e-05
2.017e-05
1.994e-05
2.003e-05
2.020e-05
1.889e-05
2.108e-05
1.983e-05
2.006e-05
2.011e-05
1.998e-05
2.004e-05
2.026e-05
2.843e-05
1.916e-05
2.155e-05
2.261e-05
2.033e-05
2.059e-05
1.988e-05
1.949e-05
2.272e-05
1.794e-05
1.836e-05
1.955e-05
2.154e-05
1.931e-05
2.049e-05
1.916e-05
2.053e-05
2.081e-05
2.105e-05
1.921e-05
1.998e-05
2.069e-05
2.117e-05
2.133e-05
2.192e-05
2.073e-05
2.030e-05
2.080e-05
2.119e-05
2.107e-05
2.126e-05
2.230e-05
2.027e-05
2.706e-05
2.064e-05
2.071e-05
2.217e-05
1.695e-05
1.757e-05
2.065e-05
1.893e-05
1.808e-05
1.731e-05
1.710e-05
1.821e-05
1.944e-05
2.333e-05
2.078e-05
2.058e-05
2.065e-05
2.082e-05
2.135e-05
2.096e-05
2.139e-05
2.082e-05
1.971e-05
2.044e-05
2.132e-05
2.085e-05
2.144e-05
1.933e-05
2.220e-05
2.001e-05
2.014e-05
2.792e-05
2.091e-05
2.020e-05
2.110e-05
2.104e-05
2.472e-05
1.998e-05
2.072e-05
2.180e-05
2.221e-05
2.149e-05
2.160e-05
2.328e-05
2.201e-05
2.135e-05
2.287e-05
2.208e-05
2.091e-05
2.132e-05
2.310e-05
2.142e-05
2.148e-05
2.289e-05
2.097e-05
2.141e-05
2.062e-05
2.417e-05
2.117e-05
2.169e-05
2.104e-05
2.750e-05
2.219e-05
2.069e-05
2.285e-05
2.249e-05
2.183e-05
2.221e-05
2.228e-05
2.168e-05
2.155e-05
2.321e-05
2.718e-05
2.218e-05
2.071e-05
2.212e-05
2.204e-05
2.418e-05
2.250e-05
2.283e-05
2.249e-05
2.108e-05
2.197e-05
2.176e-05
2.204e-05
2.252e-05
2.306e-05
2.202e-05
2.092e-05
2.244e-05
2.863e-05
2.138e-05
2.443e-05
2.234e-05
2.346e-05
2.269e-05
2.258e-05
2.362e-05
2.371e-05
2.247e-05
2.231e-05
2.080e-05
2.403e-05
2.218e-05
2.247e-05
2.386e-05
2.284e-05
2.323e-05
2.179e-05
2.170e-05
2.240e-05
2.339e-05
2.341e-05
2.266e-05
2.226e-05
2.359e-05
2.346e-05
2.229e-05
2.348e-05
3.165e-05
2.104e-05
2.062e-05
2.130e-05
2.222e-05
2.149e-05
2.269e-05
2.258e-05
2.148e-05
2.284e-05
2.188e-05
2.263e-05
2.138e-05
2.175e-05
2.130e-05
2.002e-05
2.247e-05
2.283e-05
2.150e-05
2.298e-05
2.220e-05
2.325e-05
2.206e-05
2.245e-05
2.295e-05
2.214e-05
2.426e-05
3.000e-05
2.218e-05
2.209e-05
2.382e-05
2.251e-05
2.431e-05
2.381e-05
2.331e-05
2.238e-05
2.412e-05
2.481e-05
2.516e-05
2.560e-05
2.452e-05
2.471e-05
2.407e-05
2.374e-05
2.599e-05
2.459e-05
2.475e-05
2.539e-05
2.449e-05
2.446e-05
2.519e-05
2.587e-05
2.391e-05
3.055e-05
2.510e-05
2.476e-05
2.673e-05
2.385e-05
2.459e-05
2.707e-05
2.459e-05
2.585e-05
2.357e-05
2.587e-05
2.607e-05
2.599e-05
2.514e-05
2.472e-05
2.542e-05
2.552e-05
2.515e-05
2.511e-05
2.465e-05
2.569e-05
2.557e-05
2.674e-05
2.528e-05
2.545e-05
2.497e-05
3.186e-05
2.548e-05
2.685e-05
2.581e-05
2.495e-05
2.666e-05
2.590e-05
2.630e-05
2.596e-05
2.629e-05
2.619e-05
2.643e-05
2.513e-05
2.533e-05
2.577e-05
2.622e-05
2.528e-05
2.687e-05
3.143e-05
2.670e-05
2.680e-05
8.055e-05
4.278e-05
3.457e-05
3.266e-05
3.312e-05
2.761e-05
2.712e-05
2.411e-05
2.782e-05
2.535e-05
2.644e-05
2.660e-05
2.706e-05
2.600e-05
2.717e-05
2.648e-05
2.602e-05
2.819e-05
2.732e-05
2.739e-05
2.501e-05
2.727e-05
2.595e-05
2.791e-05
2.787e-05
2.629e-05
2.659e-05
2.529e-05
3.582e-05
2.701e-05
2.584e-05
2.743e-05
2.587e-05
2.691e-05
2.688e-05
2.683e-05
2.693e-05
2.623e-05
2.721e-05
2.725e-05
2.765e-05
2.652e-05
2.568e-05
2.819e-05
2.450e-05
2.563e-05
2.781e-05
2.634e-05
2.556e-05
2.626e-05
2.757e-05
2.821e-05
2.664e-05
2.929e-05
2.188e-05
2.157e-05
2.551e-05
2.243e-05
2.289e-05
2.359e-05
2.323e-05
2.559e-05
2.668e-05
2.849e-05
2.831e-05
2.819e-05
2.722e-05
2.797e-05
2.980e-05
2.714e-05
2.644e-05
2.813e-05
2.636e-05
2.737e-05
2.955e-05
2.618e-05
3.690e-05
2.805e-05
2.774e-05
2.727e-05
2.904e-05
2.832e-05
2.638e-05
2.788e-05
2.846e-05
2.839e-05
2.672e-05
2.803e-05
2.750e-05
2.654e-05
2.963e-05
2.789e-05
2.782e-05
2.789e-05
2.861e-05
2.667e-05
3.016e-05
2.588e-05
2.936e-05
3.406e-05
2.717e-05
3.008e-05
2.823e-05
2.903e-05
2.794e-05
2.913e-05
2.874e-05
2.865e-05
2.623e-05
2.728e-05
2.868e-05
2.903e-05
2.937e-05
2.630e-05
2.885e-05
2.793e-05
2.780e-05
3.065e-05
2.652e-05
2.705e-05
3.629e-05
2.921e-05
3.643e-05
2.851e-05
2.865e-05
2.822e-05
2.825e-05
2.883e-05
3.036e-05
2.823e-05
2.824e-05
2.768e-05
2.831e-05
3.014e-05
2.947e-05
2.710e-05
2.915e-05
2.937e-05
2.943e-05
2.990e-05
2.998e-05
2.874e-05
2.934e-05
2.823e-05
3.689e-05
2.936e-05
2.935e-05
2.945e-05
2.741e-05
3.078e-05
2.934e-05
2.930e-05
3.015e-05
2.942e-05
3.098e-05
2.860e-05
2.842e-05
2.794e-05
2.928e-05
3.072e-05
2.813e-05
2.896e-05
3.008e-05
2.951e-05
2.819e-05
3.029e-05
3.573e-05
2.905e-05
2.971e-05
2.967e-05
3.101e-05
3.001e-05
3.027e-05
2.982e-05
2.966e-05
3.044e-05
3.052e-05
2.995e-05
2.953e-05
2.947e-05
3.091e-05
3.098e-05
2.868e-05
2.854e-05
2.942e-05
3.158e-05
3.040e-05
3.693e-05
3.063e-05
3.058e-05
3.195e-05
2.856e-05
3.050e-05
3.045e-05
2.986e-05
3.169e-05
2.987e-05
3.076e-05
2.974e-05
2.953e-05
3.355e-05
3.039e-05
3.111e-05
3.146e-05
3.003e-05
3.278e-05
3.029e-05
3.108e-05
4.556e-05
3.015e-05
3.159e-05
3.062e-05
2.887e-05
3.072e-05
3.152e-05
3.149e-05
3.169e-05
3.113e-05
3.007e-05
3.076e-05
3.016e-05
3.158e-05
3.155e-05
3.086e-05
3.372e-05
3.125e-05
2.992e-05
3.050e-05
3.640e-05
3.164e-05
3.193e-05
3.171e-05
3.109e-05
2.657e-05
2.822e-05
3.137e-05
3.015e-05
3.274e-05
3.045e-05
3.242e-05
3.265e-05
3.099e-05
3.130e-05
3.073e-05
3.253e-05
3.075e-05
2.984e-05
3.137e-05
3.196e-05
3.772e-05
3.026e-05
3.224e-05
3.137e-05
3.189e-05
3.294e-05
3.193e-05
3.236e-05
3.040e-05
3.176e-05
3.152e-05
3.223e-05
3.168e-05
3.198e-05
3.286e-05
3.218e-05
3.445e-05
3.201e-05
3.239e-05
3.343e-05
3.804e-05
3.178e-05
3.313e-05
3.290e-05
3.265e-05
3.209e-05
3.225e-05
3.244e-05
3.311e-05
3.482e-05
3.207e-05
3.222e-05
3.283e-05
3.377e-05
3.401e-05
3.168e-05
3.210e-05
3.249e-05
3.351e-05
3.339e-05
3.902e-05
3.195e-05
3.249e-05
3.385e-05
3.355e-05
3.242e-05
3.239e-05
3.351e-05
3.175e-05
3.336e-05
3.345e-05
3.278e-05
3.298e-05
3.287e-05
3.479e-05
3.263e-05
3.299e-05
3.483e-05
3.387e-05
4.002e-05
3.317e-05
3.432e-05
3.421e-05
3.298e-05
3.407e-05
3.308e-05
3.504e-05
3.341e-05
3.307e-05
3.437e-05
3.477e-05
3.359e-05
3.330e-05
3.392e-05
3.361e-05
3.530e-05
3.297e-05
3.425e-05
3.950e-05
3.464e-05
3.467e-05
3.034e-05
2.135e-05
2.109e-05
2.366e-05
2.145e-05
2.182e-05
2.248e-05
2.301e-05
2.118e-05
2.220e-05
2.134e-05
2.125e-05
2.302e-05
2.531e-05
3.122e-05
2.954e-05
3.624e-05
2.990e-05
3.267e-05
3.085e-05
3.577e-05
3.445e-05
2.971e-05
3.588e-05
3.272e-05
3.722e-05
3.370e-05
3.374e-05
3.335e-05
3.447e-05
3.178e-05
3.301e-05
3.164e-05
3.747e-05
3.636e-05
4.064e-05
2.851e-05
2.959e-05
3.210e-05
3.332e-05
3.198e-05
3.185e-05
3.393e-05
3.901e-05
3.570e-05
3.401e-05
3.572e-05
3.909e-05
3.609e-05
3.408e-05
3.136e-05
3.500e-05
3.139e-05
4.042e-05
2.726e-05
2.205e-05
2.353e-05
2.160e-05
2.236e-05
3.234e-05
3.403e-05
3.417e-05
3.455e-05
3.054e-05
3.136e-05
2.975e-05
3.242e-05
3.239e-05
3.289e-05
3.301e-05
3.303e-05
4.995e-05
6.090e-05
5.217e-05
3.422e-05
2.840e-05
3.423e-05
3.005e-05
3.053e-05
3.022e-05
3.185e-05
3.074e-05
3.025e-05
2.895e-05
2.973e-05
3.025e-05
3.311e-05
2.841e-05
3.034e-05
3.795e-05
3.335e-05
2.907e-05
3.256e-05
2.970e-05
3.263e-05
3.243e-05
3.198e-05
2.934e-05
3.783e-05
3.862e-05
4.102e-05
3.857e-05
3.780e-05
4.059e-05
3.806e-05
3.946e-05
3.647e-05
4.442e-05
2.838e-05
4.478e-05
2.974e-05
3.345e-05
3.369e-05
3.572e-05
3.813e-05
3.549e-05
4.125e-05
4.597e-05
4.237e-05
4.029e-05
3.337e-05
3.343e-05
3.308e-05
3.252e-05
3.186e-05
3.930e-05
3.178e-05
3.093e-05
3.520e-05
3.060e-05
3.601e-05
3.703e-05
3.396e-05
3.499e-05
3.507e-05
3.448e-05
3.656e-05
3.549e-05
3.506e-05
3.656e-05
3.241e-05
3.415e-05
6.132e-05
4.300e-05
3.178e-05
3.485e-05
3.429e-05
3.474e-05
3.259e-05
3.396e-05
3.163e-05
3.313e-05
3.193e-05
3.257e-05
2.963e-05
2.829e-05
2.908e-05
2.907e-05
2.668e-05
4.273e-05
3.429e-05
3.471e-05
3.815e-05
3.851e-05
3.998e-05
4.027e-05
4.104e-05
3.857e-05
4.033e-05
4.194e-05
4.179e-05
4.120e-05
4.067e-05
4.166e-05
3.825e-05
3.954e-05
4.704e-05
3.993e-05
3.967e-05
3.914e-05
3.975e-05
4.808e-05
4.225e-05
4.178e-05
4.028e-05
4.219e-05
4.252e-05
3.899e-05
4.038e-05
4.321e-05
4.833e-05
4.086e-05
4.101e-05
4.826e-05
4.017e-05
4.021e-05
3.892e-05
4.075e-05
4.050e-05
4.068e-05
4.106e-05
4.146e-05
3.944e-05
4.041e-05
4.087e-05
4.180e-05
4.114e-05
3.854e-05
3.924e-05
4.867e-05
4.565e-05
3.954e-05
3.856e-05
4.066e-05
4.004e-05
3.959e-05
4.117e-05
3.943e-05
3.829e-05
3.906e-05
4.142e-05
4.035e-05
3.957e-05
3.962e-05
3.977e-05
4.055e-05
4.591e-05
4.051e-05
4.141e-05
4.001e-05
4.038e-05
3.859e-05
4.084e-05
4.030e-05
3.774e-05
2.542e-05
2.644e-05
2.528e-05
2.565e-05
2.468e-05
2.608e-05
2.537e-05
3.993e-05
3.889e-05
3.837e-05
4.036e-05
4.071e-05
4.142e-05
4.006e-05
4.056e-05
4.102e-05
4.016e-05
3.975e-05
3.943e-05
3.987e-05
4.053e-05
4.009e-05
4.020e-05
4.604e-05
4.340e-05
4.055e-05
4.106e-05
3.908e-05
4.048e-05
4.008e-05
4.067e-05
4.023e-05
4.094e-05
4.137e-05
4.207e-05
4.158e-05
3.965e-05
3.976e-05
4.099e-05
4.584e-05
4.140e-05
4.186e-05
4.120e-05
4.247e-05
4.061e-05
4.124e-05
4.264e-05
4.128e-05
4.070e-05
4.171e-05
4.250e-05
3.993e-05
4.025e-05
3.990e-05
4.209e-05
4.425e-05
3.920e-05
4.031e-05
4.387e-05
5.449e-05
4.357e-05
4.580e-05
4.298e-05
4.481e-05
4.987e-05
4.525e-05
4.347e-05
4.191e-05
4.641e-05
4.545e-05
4.601e-05
4.273e-05
4.396e-05
4.331e-05
4.336e-05
4.207e-05
4.346e-05
4.312e-05
4.326e-05
4.302e-05
4.391e-05
4.268e-05
4.243e-05
4.504e-05
3.984e-05
4.677e-05
4.320e-05
4.403e-05
4.314e-05
4.250e-05
4.360e-05
4.399e-05
4.281e-05
4.350e-05
4.344e-05
4.182e-05
4.301e-05
4.209e-05
4.462e-05
4.176e-05
4.306e-05
4.914e-05
4.387e-05
4.365e-05
4.291e-05
4.433e-05
4.463e-05
4.266e-05
4.259e-05
4.534e-05
4.344e-05
4.411e-05
4.550e-05
4.373e-05
4.365e-05
4.617e-05
4.836e-05
4.351e-05
4.454e-05
4.326e-05
4.487e-05
4.522e-05
4.421e-05
4.453e-05
4.335e-05
4.421e-05
4.462e-05
4.654e-05
4.444e-05
4.466e-05
4.477e-05
4.856e-05
4.284e-05
4.342e-05
4.519e-05
1.526e-04
1.644e-04
4.872e-05
4.871e-05
4.583e-05
4.713e-05
4.842e-05
4.583e-05
4.363e-05
4.283e-05
3.606e-05
4.127e-05
3.608e-05
4.030e-05
5.740e-05
4.551e-05
4.554e-05
4.762e-05
4.648e-05
4.624e-05
4.941e-05
4.727e-05
4.483e-05
4.706e-05
4.573e-05
5.539e-05
4.412e-05
4.671e-05
4.461e-05
4.351e-05
4.647e-05
4.448e-05
4.691e-05
4.640e-05
4.756e-05
4.675e-05
4.638e-05
4.735e-05
4.734e-05
4.474e-05
4.936e-05
4.537e-05
4.483e-05
4.516e-05
4.677e-05
4.582e-05
4.593e-05
4.711e-05
4.814e-05
4.618e-05
5.180e-05
4.639e-05
4.457e-05
4.673e-05
4.468e-05
4.723e-05
4.796e-05
4.701e-05
4.672e-05
4.410e-05
4.596e-05
4.811e-05
4.564e-05
4.586e-05
4.764e-05
4.572e-05
4.722e-05
4.617e-05
4.489e-05
5.206e-05
4.595e-05
4.951e-05
4.593e-05
4.561e-05
4.656e-05
4.783e-05
4.707e-05
4.656e-05
4.730e-05
5.657e-05
4.626e-05
4.642e-05
4.822e-05
5.062e-05
4.549e-05
4.859e-05
4.682e-05
4.491e-05
4.854e-05
4.628e-05
5.531e-05
5.398e-05
6.713e-05
2.204e-04
6.462e-05
5.635e-05
5.532e-05
5.704e-05
5.799e-05
5.695e-05
5.364e-05
5.803e-05
5.421e-05
5.643e-05
5.307e-05
5.461e-05
5.612e-05
5.317e-05
5.735e-05
5.422e-05
5.657e-05
5.768e-05
5.459e-05
5.551e-05
5.452e-05
5.519e-05
5.788e-05
5.535e-05
5.780e-05
5.393e-05
5.535e-05
5.525e-05
5.237e-05
5.525e-05
5.324e-05
6.109e-05
5.297e-05
5.484e-05
5.603e-05
5.521e-05
5.341e-05
5.652e-05
5.688e-05
5.782e-05
5.554e-05
8.022e-05
5.837e-05
5.743e-05
5.791e-05
5.822e-05
6.316e-05
5.525e-05
5.845e-05
5.565e-05
6.618e-05
6.254e-05
6.257e-05
5.674e-05
5.679e-05
5.713e-05
5.446e-05
5.779e-05
5.493e-05
5.499e-05
5.480e-05
5.506e-05
5.526e-05
5.363e-05
5.720e-05
6.259e-05
5.421e-05
5.640e-05
5.241e-05
5.482e-05
5.817e-05
5.147e-05
4.056e-05
3.964e-05
5.179e-05
5.489e-05
5.382e-05
5.637e-05
5.465e-05
5.949e-05
5.701e-05
5.526e-05
4.446e-05
4.298e-05
4.416e-05
4.064e-05
5.559e-05
5.554e-05
5.332e-05
5.470e-05
5.583e-05
5.290e-05
6.223e-05
5.729e-05
5.448e-05
5.467e-05
5.648e-05
5.369e-05
5.563e-05
5.579e-05
5.318e-05
5.599e-05
5.642e-05
5.486e-05
5.564e-05
5.629e-05
6.135e-05
5.352e-05
5.498e-05
4.698e-05
3.343e-05
3.422e-05
3.571e-05
4.416e-05
4.380e-05
4.860e-05
4.530e-05
4.617e-05
4.751e-05
5.780e-05
8.468e-05
4.843e-05
4.705e-05
4.766e-05
4.666e-05
4.509e-05
4.585e-05
1.871e-04
5.248e-05
6.242e-05
4.721e-05
5.269e-05
5.977e-05
5.114e-05
5.295e-05
5.436e-05
5.430e-05
5.654e-05
5.139e-05
4.703e-05
5.272e-05
4.979e-05
5.292e-05
5.793e-05
4.889e-05
5.799e-05
5.460e-05
4.938e-05
5.120e-05
5.376e-05
5.166e-05
5.427e-05
6.552e-05
5.109e-05
5.230e-05
5.014e-05
6.171e-05
6.101e-05
6.711e-05
6.052e-05
6.232e-05
6.172e-05
6.033e-05
4.990e-05
4.974e-05
5.033e-05
4.971e-05
5.416e-05
5.170e-05
5.434e-05
5.222e-05
5.971e-05
4.943e-05
5.473e-05
4.834e-05
4.900e-05
5.555e-05
8.440e-05
5.331e-05
5.398e-05
6.111e-05
5.674e-05
5.634e-05
6.153e-05
6.616e-05
5.819e-05
6.036e-05
6.473e-05
5.939e-05
5.341e-05
5.688e-05
5.562e-05
1.773e-04
1.072e-04
6.535e-05
5.364e-05
4.838e-05
4.687e-05
4.463e-05
3.870e-05
3.882e-05
3.969e-05
3.967e-05
4.073e-05
5.046e-05
3.996e-05
4.585e-05
7.894e-05
6.093e-05
7.028e-05
6.537e-05
6.329e-05
6.326e-05
6.394e-05
6.379e-05
6.192e-05
6.344e-05
6.158e-05
6.206e-05
6.399e-05
5.908e-05
5.935e-05
6.742e-05
6.054e-05
5.990e-05
6.102e-05
5.975e-05
5.664e-05
5.929e-05
5.742e-05
5.885e-05
4.984e-05
5.166e-05
6.035e-05
6.873e-05
5.778e-05
5.841e-05
1.754e-04
1.680e-04
6.238e-05
6.052e-05
6.138e-05
6.094e-05
5.664e-05
6.117e-05
6.155e-05
5.996e-05
6.336e-05
5.997e-05
5.945e-05
6.027e-05
6.065e-05
6.072e-05
6.115e-05
6.327e-05
6.453e-05
5.938e-05
6.135e-05
6.014e-05
6.368e-05
5.834e-05
5.946e-05
5.896e-05
5.853e-05
6.292e-05
5.660e-05
5.883e-05
5.980e-05
5.828e-05
5.862e-05
5.932e-05
5.899e-05
5.917e-05
5.995e-05
5.758e-05
6.102e-05
5.869e-05
5.906e-05
5.892e-05
5.708e-05
6.096e-05
6.283e-05
6.025e-05
5.892e-05
6.573e-05
5.997e-05
5.888e-05
6.160e-05
6.225e-05
5.876e-05
6.049e-05
6.232e-05
6.714e-05
6.183e-05
6.201e-05
6.015e-05
6.531e-05
6.043e-05
6.241e-05
6.487e-05
6.965e-05
6.435e-05
5.809e-05
6.010e-05
6.419e-05
5.648e-05
5.408e-05
6.687e-05
6.626e-05
6.055e-05
6.144e-05
5.881e-05
5.969e-05
6.027e-05
5.958e-05
5.908e-05
5.951e-05
5.053e-05
6.155e-05
6.475e-05
6.259e-05
6.080e-05
6.110e-05
6.070e-05
5.983e-05
6.001e-05
6.191e-05
6.151e-05
6.006e-05
5.886e-05
6.281e-05
5.992e-05
6.544e-05
6.516e-05
6.239e-05
5.937e-05
6.197e-05
6.189e-05
6.440e-05
6.356e-05
6.317e-05
6.356e-05
6.262e-05
6.284e-05
6.741e-05
1.563e-04
1.673e-04
6.817e-05
6.466e-05
6.271e-05
6.548e-05
6.347e-05
6.630e-05
6.529e-05
6.525e-05
6.557e-05
6.884e-05
6.270e-05
6.481e-05
6.374e-05
6.478e-05
8.527e-05
6.503e-05
6.588e-05
7.365e-05
6.459e-05
6.654e-05
6.543e-05
6.743e-05
6.327e-05
6.700e-05
6.556e-05
6.786e-05
6.570e-05
6.873e-05
6.868e-05
6.672e-05
6.796e-05
6.773e-05
7.049e-05
6.632e-05
8.764e-05
6.917e-05
6.850e-05
7.354e-05
6.680e-05
6.076e-05
6.602e-05
6.801e-05
6.882e-05
6.586e-05
6.879e-05
6.674e-05
6.793e-05
6.710e-05
6.746e-05
6.735e-05
6.894e-05
6.990e-05
6.821e-05
7.205e-05
8.052e-05
7.946e-05
6.860e-05
7.073e-05
6.934e-05
6.711e-05
6.758e-05
6.822e-05
6.813e-05
6.458e-05
6.804e-05
6.526e-05
6.426e-05
6.636e-05
6.662e-05
1.719e-04
6.418e-05
6.442e-05
6.133e-05
6.229e-05
6.182e-05
6.338e-05
6.172e-05
6.324e-05
6.882e-05
6.592e-05
6.643e-05
6.425e-05
6.402e-05
6.773e-05
6.722e-05
7.699e-05
6.980e-05
6.899e-05
6.787e-05
5.756e-05
5.837e-05
6.807e-05
6.527e-05
6.581e-05
4.675e-05
4.797e-05
5.201e-05
5.593e-05
5.246e-05
5.522e-05
5.606e-05
5.840e-05
5.456e-05
5.307e-05
5.733e-05
5.532e-05
5.703e-05
5.512e-05
5.609e-05
5.725e-05
6.895e-05
6.061e-05
6.494e-05
5.823e-05
5.719e-05
5.784e-05
5.824e-05
5.757e-05
6.511e-05
6.704e-05
6.510e-05
5.832e-05
6.689e-05
6.670e-05
7.744e-05
7.222e-05
6.884e-05
6.688e-05
6.713e-05
7.034e-05
6.906e-05
6.866e-05
8.025e-05
6.909e-05
6.588e-05
6.868e-05
7.124e-05
7.609e-05
7.306e-05
7.166e-05
6.374e-05
7.075e-05
7.570e-05
7.319e-05
7.258e-05
5.595e-05
4.767e-05
4.424e-05
4.781e-05
4.504e-05
4.574e-05
4.550e-05
4.500e-05
4.506e-05
4.681e-05
4.708e-05
4.267e-05
4.653e-05
4.603e-05
4.300e-05
4.559e-05
4.578e-05
4.341e-05
4.482e-05
4.486e-05
4.269e-05
4.553e-05
4.414e-05
4.517e-05
4.680e-05
4.776e-05
4.575e-05
8.280e-05
2.063e-04
5.079e-05
4.539e-05
4.770e-05
4.501e-05
4.367e-05
4.733e-05
4.403e-05
4.391e-05
4.419e-05
4.521e-05
4.530e-05
4.437e-05
4.341e-05
4.566e-05
4.436e-05
4.745e-05
4.143e-05
4.060e-05
4.187e-05
4.199e-05
4.112e-05
4.064e-05
4.159e-05
4.207e-05
4.124e-05
4.004e-05
4.197e-05
4.210e-05
4.160e-05
4.076e-05
4.017e-05
4.198e-05
4.218e-05
4.222e-05
4.254e-05
4.184e-05
4.438e-05
4.146e-05
4.368e-05
4.307e-05
4.032e-05
4.204e-05
4.174e-05
4.129e-05
4.182e-05
7.620e-05
5.393e-05
6.140e-05
5.066e-05
4.878e-05
4.455e-05
4.780e-05
4.320e-05
4.501e-05
4.596e-05
4.527e-05
4.397e-05
4.457e-05
4.250e-05
4.507e-05
4.777e-05
6.146e-05
4.340e-05
4.274e-05
4.317e-05
4.309e-05
4.351e-05
4.335e-05
4.443e-05
4.843e-05
4.568e-05
4.429e-05
4.477e-05
4.395e-05
4.521e-05
5.049e-05
4.439e-05
4.431e-05
4.403e-05
4.375e-05
4.375e-05
4.509e-05
4.493e-05
4.474e-05
4.361e-05
4.428e-05
4.661e-05
4.315e-05
4.243e-05
4.254e-05
4.195e-05
4.171e-05
4.591e-05
4.146e-05
4.225e-05
4.156e-05
4.169e-05
4.268e-05
4.160e-05
4.426e-05
4.565e-05
4.554e-05
4.688e-05
4.429e-05
4.531e-05
4.634e-05
4.525e-05
4.645e-05
5.467e-05
4.453e-05
4.243e-05
4.132e-05
4.155e-05
4.394e-05
4.184e-05
4.271e-05
4.169e-05
4.328e-05
4.268e-05
4.423e-05
4.273e-05
4.159e-05
4.267e-05
4.880e-05
4.078e-05
4.097e-05
4.172e-05
4.126e-05
4.226e-05
4.015e-05
4.144e-05
3.977e-05
4.113e-05
4.180e-05
4.036e-05
4.070e-05
4.039e-05
4.075e-05
4.047e-05
4.046e-05
4.067e-05
4.044e-05
4.161e-05
4.106e-05
4.376e-05
4.012e-05
4.068e-05
4.124e-05
4.044e-05
4.183e-05
4.025e-05
4.038e-05
4.101e-05
4.025e-05
4.294e-05
5.237e-05
4.270e-05
4.340e-05
4.384e-05
4.390e-05
4.247e-05
4.959e-05
4.407e-05
4.318e-05
4.748e-05
4.328e-05
4.349e-05
4.404e-05
4.501e-05
4.399e-05
4.375e-05
4.365e-05
4.281e-05
4.308e-05
4.395e-05
4.408e-05
4.502e-05
4.371e-05
4.414e-05
4.873e-05
4.428e-05
5.666e-05
5.647e-05
5.912e-05
5.275e-05
4.513e-05
4.523e-05
5.044e-05
4.566e-05
4.355e-05
4.351e-05
4.499e-05
4.445e-05
4.461e-05
2.395e-04
9.080e-05
6.320e-05
5.069e-05
4.625e-05
4.548e-05
5.141e-05
4.795e-05
4.780e-05
4.845e-05
4.825e-05
5.036e-05
4.752e-05
4.779e-05
4.915e-05
4.843e-05
4.983e-05
4.814e-05
4.770e-05
5.085e-05
4.778e-05
5.031e-05
5.057e-05
4.949e-05
5.585e-05
4.726e-05
4.651e-05
5.515e-05
4.655e-05
4.473e-05
4.566e-05
4.851e-05
4.594e-05
4.646e-05
4.550e-05
4.555e-05
4.822e-05
4.424e-05
4.511e-05
4.413e-05
5.910e-05
4.863e-05
4.622e-05
4.659e-05
4.419e-05
4.679e-05
4.557e-05
4.592e-05
4.485e-05
4.598e-05
4.656e-05
4.515e-05
4.397e-05
4.645e-05
4.466e-05
4.493e-05
4.577e-05
4.607e-05
4.708e-05
4.880e-05
4.657e-05
4.573e-05
4.743e-05
4.566e-05
4.547e-05
4.711e-05
4.626e-05
4.680e-05
5.652e-05
4.889e-05
4.581e-05
5.151e-05
4.679e-05
4.611e-05
4.930e-05
4.761e-05
4.789e-05
5.174e-05
4.844e-05
5.129e-05
4.751e-05
4.828e-05
4.902e-05
4.832e-05
4.786e-05
4.837e-05
4.835e-05
4.888e-05
5.002e-05
4.780e-05
4.469e-05
4.382e-05
4.537e-05
4.482e-05
4.494e-05
4.482e-05
4.370e-05
4.641e-05
4.510e-05
4.609e-05
4.337e-05
4.373e-05
4.393e-05
4.377e-05
4.386e-05
4.388e-05
4.284e-05
4.408e-05
4.499e-05
4.337e-05
4.356e-05
4.622e-05
4.192e-05
4.176e-05
4.342e-05
4.196e-05
4.328e-05
4.141e-05
4.453e-05
4.769e-05
1.777e-04
2.309e-04
4.665e-05
4.927e-05
4.846e-05
4.780e-05
4.541e-05
4.756e-05
4.637e-05
4.672e-05
4.694e-05
4.643e-05
4.678e-05
4.701e-05
4.608e-05
5.415e-05
4.452e-05
4.803e-05
4.577e-05
5.656e-05
5.209e-05
5.297e-05
4.990e-05
5.108e-05
5.170e-05
4.860e-05
5.126e-05
4.986e-05
5.124e-05
4.844e-05
5.034e-05
5.062e-05
5.693e-05
5.491e-05
5.352e-05
5.528e-05
5.482e-05
5.679e-05
5.583e-05
5.509e-05
5.597e-05
5.353e-05
5.497e-05
5.435e-05
1.548e-04
1.953e-04
5.983e-05
5.556e-05
5.380e-05
5.596e-05
5.013e-05
5.177e-05
5.089e-05
5.113e-05
5.106e-05
5.440e-05
5.014e-05
5.091e-05
5.149e-05
5.100e-05
5.174e-05
5.729e-05
5.280e-05
5.094e-05
5.099e-05
5.359e-05
5.070e-05
5.239e-05
5.166e-05
5.129e-05
5.135e-05
5.199e-05
5.113e-05
5.279e-05
5.230e-05
5.539e-05
5.132e-05
4.930e-05
5.127e-05
5.007e-05
4.951e-05
4.999e-05
4.987e-05
5.066e-05
5.120e-05
5.115e-05
4.912e-05
5.108e-05
5.132e-05
5.090e-05
5.326e-05
5.737e-05
5.348e-05
5.707e-05
5.170e-05
5.906e-05
5.223e-05
5.348e-05
5.403e-05
5.446e-05
5.328e-05
5.608e-05
5.371e-05
5.309e-05
6.539e-05
9.229e-05
1.078e-04
6.502e-05
5.402e-05
5.330e-05
5.166e-05
5.192e-05
5.327e-05
5.291e-05
5.311e-05
5.204e-05
5.323e-05
5.243e-05
5.366e-05
5.679e-05
5.311e-05
5.257e-05
5.320e-05
5.062e-05
5.226e-05
5.296e-05
5.266e-05
5.208e-05
5.194e-05
6.045e-05
5.690e-05
5.978e-05
5.292e-05
5.325e-05
5.295e-05
5.224e-05
5.213e-05
5.305e-05
5.307e-05
5.154e-05
5.426e-05
4.985e-05
5.175e-05
5.115e-05
5.046e-05
5.162e-05
5.125e-05
5.175e-05
5.088e-05
5.309e-05
5.163e-05
5.236e-05
5.200e-05
5.149e-05
5.086e-05
5.120e-05
5.278e-05
5.198e-05
5.309e-05
5.112e-05
5.084e-05
5.214e-05
5.256e-05
5.151e-05
5.295e-05
5.157e-05
5.249e-05
5.939e-05
5.504e-05
5.631e-05
5.553e-05
6.382e-05
5.576e-05
5.767e-05
5.685e-05
5.886e-05
5.786e-05
5.621e-05
5.637e-05
6.669e-05
5.907e-05
5.721e-05
5.811e-05
5.772e-05
5.867e-05
5.983e-05
5.892e-05
5.844e-05
5.859e-05
5.690e-05
6.004e-05
5.784e-05
5.800e-05
5.895e-05
5.850e-05
6.102e-05
6.301e-05
5.962e-05
5.953e-05
5.809e-05
5.647e-05
5.778e-05
5.718e-05
5.813e-05
5.821e-05
5.723e-05
5.762e-05
5.666e-05
5.674e-05
5.786e-05
5.724e-05
5.693e-05
5.845e-05
5.705e-05
5.734e-05
5.693e-05
5.780e-05
5.628e-05
5.811e-05
5.677e-05
6.701e-05
5.616e-05
5.586e-05
5.615e-05
5.562e-05
5.652e-05
5.581e-05
5.667e-05
5.643e-05
5.844e-05
6.072e-05
6.210e-05
6.015e-05
5.990e-05
5.732e-05
5.746e-05
5.660e-05
5.817e-05
5.771e-05
5.998e-05
6.289e-05
5.967e-05
5.953e-05
5.841e-05
5.904e-05
5.893e-05
6.051e-05
5.910e-05
5.973e-05
5.524e-05
5.616e-05
5.605e-05
5.666e-05
5.608e-05
5.654e-05
6.483e-05
6.262e-05
6.141e-05
5.756e-05
5.636e-05
7.159e-05
2.390e-04
7.086e-05
5.928e-05
5.981e-05
5.991e-05
6.008e-05
5.949e-05
5.913e-05
6.001e-05
5.930e-05
6.176e-05
5.864e-05
5.942e-05
6.072e-05
5.388e-05
5.174e-05
5.264e-05
5.362e-05
5.311e-05
5.181e-05
5.199e-05
5.326e-05
1.888e-04
6.816e-05
5.900e-05
6.462e-05
5.991e-05
6.155e-05
5.980e-05
6.137e-05
5.937e-05
6.202e-05
6.055e-05
6.048e-05
6.073e-05
6.036e-05
6.060e-05
6.028e-05
6.157e-05
6.105e-05
5.381e-05
5.261e-05
5.182e-05
5.236e-05
5.252e-05
5.305e-05
5.217e-05
5.195e-05
5.214e-05
5.317e-05
5.248e-05
5.379e-05
5.471e-05
5.526e-05
5.475e-05
5.354e-05
5.441e-05
5.453e-05
5.408e-05
5.937e-05
5.414e-05
5.447e-05
5.412e-05
6.283e-05
6.008e-05
5.721e-05
5.931e-05
5.645e-05
5.814e-05
5.727e-05
6.031e-05
6.217e-05
6.262e-05
5.582e-05
5.653e-05
5.750e-05
5.645e-05
5.626e-05
5.788e-05
5.523e-05
5.601e-05
5.750e-05
5.565e-05
5.741e-05
5.537e-05
5.448e-05
5.500e-05
5.683e-05
5.551e-05
5.481e-05
5.501e-05
5.504e-05
6.160e-05
5.678e-05
5.519e-05
5.585e-05
5.642e-05
6.067e-05
5.398e-05
5.580e-05
5.589e-05
5.420e-05
5.785e-05
5.480e-05
5.629e-05
5.524e-05
5.532e-05
5.328e-05
5.136e-05
5.461e-05
5.224e-05
5.273e-05
6.262e-05
5.521e-05
5.522e-05
5.650e-05
5.299e-05
5.556e-05
5.245e-05
6.344e-05
5.398e-05
5.644e-05
5.276e-05
5.209e-05
5.256e-05
5.236e-05
6.024e-05
5.378e-05
5.757e-05
5.353e-05
5.163e-05
6.323e-05
5.716e-05
5.904e-05
5.824e-05
5.867e-05
5.842e-05
5.837e-05
5.859e-05
5.876e-05
6.526e-05
5.376e-05
5.489e-05
5.558e-05
5.502e-05
5.407e-05
5.344e-05
5.509e-05
5.376e-05
5.542e-05
5.296e-05
5.451e-05
5.167e-05
5.377e-05
5.209e-05
5.331e-05
5.185e-05
5.410e-05
5.210e-05
5.455e-05
5.241e-05
5.358e-05
5.240e-05
5.362e-05
5.231e-05
5.354e-05
5.211e-05
5.451e-05
5.334e-05
5.398e-05
5.214e-05
5.446e-05
5.380e-05
5.300e-05
5.313e-05
5.377e-05
5.444e-05
7.092e-05
5.456e-05
5.488e-05
5.504e-05
5.501e-05
5.423e-05
5.572e-05
5.484e-05
5.652e-05
5.361e-05
5.481e-05
5.392e-05
5.788e-05
5.651e-05
5.566e-05
5.647e-05
5.675e-05
5.981e-05
6.057e-05
5.667e-05
5.734e-05
5.523e-05
6.294e-05
5.677e-05
6.091e-05
5.873e-05
5.828e-05
5.782e-05
5.821e-05
5.843e-05
6.028e-05
5.388e-05
5.572e-05
5.454e-05
5.539e-05
5.546e-05
5.496e-05
5.533e-05
5.521e-05
5.399e-05
5.431e-05
5.949e-05
6.737e-05
5.398e-05
5.389e-05
5.414e-05
5.382e-05
5.327e-05
5.568e-05
5.405e-05
5.519e-05
6.310e-05
5.747e-05
5.959e-05
5.888e-05
5.876e-05
5.841e-05
5.992e-05
6.035e-05
5.922e-05
5.865e-05
6.091e-05
5.623e-05
6.051e-05
5.722e-05
5.738e-05
5.729e-05
5.854e-05
5.790e-05
5.704e-05
5.722e-05
5.815e-05
5.600e-05
5.885e-05
5.592e-05
5.692e-05
5.539e-05
5.616e-05
5.750e-05
5.340e-05
5.575e-05
6.077e-05
6.033e-05
5.427e-05
5.577e-05
5.476e-05
5.598e-05
5.390e-05
6.444e-05
6.172e-05
6.231e-05
6.241e-05
6.260e-05
6.189e-05
6.333e-05
6.098e-05
7.013e-05
6.110e-05
6.623e-05
6.058e-05
6.360e-05
6.221e-05
6.301e-05
6.062e-05
6.196e-05
6.493e-05
7.975e-05
6.564e-05
7.266e-05
6.258e-05
7.622e-05
6.582e-05
6.141e-05
6.170e-05
6.416e-05
6.267e-05
6.098e-05
6.275e-05
7.373e-05
6.688e-05
6.265e-05
5.891e-05
5.999e-05
5.888e-05
6.731e-05
5.846e-05
5.621e-05
1.865e-04
7.095e-05
7.572e-05
6.436e-05
7.364e-05
6.672e-05
6.430e-05
6.649e-05
6.678e-05
6.597e-05
6.591e-05
6.730e-05
7.497e-05
7.292e-05
6.258e-05
6.218e-05
6.316e-05
6.328e-05
6.216e-05
6.544e-05
6.352e-05
6.386e-05
6.368e-05
6.662e-05
5.985e-05
5.964e-05
6.057e-05
6.022e-05
5.952e-05
5.909e-05
5.983e-05
5.908e-05
6.075e-05
5.920e-05
5.960e-05
6.130e-05
6.365e-05
6.098e-05
6.496e-05
5.736e-05
5.788e-05
6.330e-05
6.341e-05
5.977e-05
5.774e-05
5.965e-05
5.864e-05
6.083e-05
5.864e-05
5.835e-05
5.976e-05
5.921e-05
5.885e-05
5.695e-05
5.860e-05
5.648e-05
5.807e-05
5.768e-05
6.020e-05
5.713e-05
5.860e-05
5.693e-05
5.833e-05
5.693e-05
5.860e-05
5.806e-05
6.166e-05
5.811e-05
5.739e-05
1.596e-04
7.098e-05
6.089e-05
6.702e-05
6.083e-05
6.635e-05
6.069e-05
5.983e-05
6.057e-05
6.122e-05
6.035e-05
6.352e-05
5.949e-05
6.164e-05
6.023e-05
6.117e-05
5.993e-05
7.459e-05
6.779e-05
6.827e-05
6.730e-05
7.560e-05
6.898e-05
6.909e-05
7.023e-05
6.939e-05
7.132e-05
6.854e-05
6.233e-05
6.096e-05
6.186e-05
6.089e-05
6.094e-05
6.036e-05
6.098e-05
7.447e-05
6.292e-05
6.248e-05
6.274e-05
6.546e-05
6.158e-05
7.809e-05
6.179e-05
7.675e-05
6.222e-05
7.476e-05
6.438e-05
6.846e-05
6.090e-05
6.054e-05
6.350e-05
6.424e-05
6.266e-05
6.234e-05
6.360e-05
6.253e-05
6.314e-05
6.412e-05
6.205e-05
6.387e-05
6.127e-05
7.384e-05
5.990e-05
1.259e-04
9.966e-05
6.296e-05
6.373e-05
6.441e-05
6.317e-05
6.570e-05
6.430e-05
6.312e-05
6.454e-05
6.401e-05
5.891e-05
5.795e-05
5.820e-05
5.708e-05
5.803e-05
5.942e-05
5.694e-05
5.826e-05
5.774e-05
6.095e-05
5.718e-05
5.751e-05
6.811e-05
6.488e-05
6.219e-05
6.254e-05
6.400e-05
6.391e-05
6.384e-05
6.305e-05
6.133e-05
6.223e-05
6.163e-05
6.132e-05
6.254e-05
6.306e-05
6.144e-05
6.469e-05
6.070e-05
6.035e-05
5.927e-05
6.105e-05
6.406e-05
6.465e-05
6.350e-05
6.475e-05
6.366e-05
6.338e-05
6.456e-05
6.502e-05
6.446e-05
6.628e-05
6.488e-05
6.343e-05
6.310e-05
6.231e-05
6.445e-05
6.075e-05
6.175e-05
6.047e-05
5.999e-05
6.187e-05
6.849e-05
6.306e-05
6.546e-05
6.425e-05
6.418e-05
6.503e-05
6.492e-05
6.379e-05
6.670e-05
6.152e-05
6.055e-05
6.221e-05
6.104e-05
6.122e-05
6.382e-05
6.076e-05
6.032e-05
6.287e-05
6.132e-05
6.193e-05
6.203e-05
6.110e-05
6.234e-05
5.959e-05
6.443e-05
6.120e-05
6.012e-05
6.186e-05
6.143e-05
6.276e-05
6.058e-05
6.117e-05
6.397e-05
6.206e-05
6.290e-05
6.102e-05
6.295e-05
6.350e-05
5.956e-05
6.181e-05
6.113e-05
6.270e-05
6.020e-05
6.296e-05
6.229e-05
6.205e-05
6.172e-05
6.366e-05
6.218e-05
6.862e-05
6.751e-05
6.626e-05
6.859e-05
6.571e-05
7.322e-05
6.743e-05
6.974e-05
6.749e-05
6.598e-05
6.868e-05
6.660e-05
6.776e-05
6.538e-05
6.899e-05
6.719e-05
6.753e-05
7.332e-05
6.550e-05
6.761e-05
6.533e-05
6.847e-05
6.328e-05
6.458e-05
6.513e-05
6.537e-05
6.517e-05
6.673e-05
6.547e-05
6.568e-05
6.621e-05
6.601e-05
6.396e-05
6.631e-05
6.708e-05
6.815e-05
6.406e-05
6.420e-05
6.487e-05
6.170e-05
6.452e-05
6.267e-05
6.565e-05
6.526e-05
6.248e-05
6.504e-05
6.340e-05
6.394e-05
6.201e-05
6.486e-05
6.240e-05
6.318e-05
6.404e-05
6.268e-05
6.321e-05
6.283e-05
6.442e-05
6.704e-05
7.053e-05
7.217e-05
7.024e-05
7.152e-05
7.063e-05
7.428e-05
7.908e-05
7.201e-05
6.917e-05
6.940e-05
6.964e-05
6.982e-05
7.067e-05
7.092e-05
6.944e-05
6.747e-05
6.925e-05
6.862e-05
6.737e-05
6.942e-05
7.117e-05
7.149e-05
7.121e-05
6.848e-05
6.904e-05
6.981e-05
7.343e-05
7.009e-05
7.782e-05
7.276e-05
6.974e-05
7.304e-05
7.220e-05
7.029e-05
7.102e-05
7.038e-05
6.818e-05
6.697e-05
6.717e-05
6.669e-05
6.598e-05
6.980e-05
6.939e-05
6.800e-05
7.117e-05
7.007e-05
7.174e-05
6.751e-05
7.156e-05
7.340e-05
7.063e-05
7.054e-05
7.073e-05
7.038e-05
6.928e-05
7.040e-05
7.603e-05
7.028e-05
6.657e-05
7.639e-05
6.874e-05
6.788e-05
7.303e-05
7.423e-05
7.077e-05
6.998e-05
6.769e-05
8.014e-05
7.402e-05
7.347e-05
7.297e-05
7.546e-05
7.521e-05
7.452e-05
7.955e-05
7.821e-05
7.314e-05
7.107e-05
7.500e-05
6.647e-05
6.845e-05
6.827e-05
6.891e-05
6.821e-05
6.702e-05
8.121e-05
6.989e-05
6.830e-05
7.001e-05
7.068e-05
6.910e-05
7.004e-05
7.011e-05
7.068e-05
6.971e-05
6.999e-05
6.968e-05
7.071e-05
7.023e-05
6.685e-05
6.708e-05
6.742e-05
6.678e-05
6.371e-05
6.600e-05
6.636e-05
6.675e-05
6.846e-05
6.869e-05
6.948e-05
6.654e-05
6.793e-05
6.839e-05
7.374e-05
7.013e-05
6.779e-05
6.881e-05
6.629e-05
6.887e-05
6.890e-05
6.886e-05
7.044e-05
6.733e-05
6.759e-05
6.739e-05
6.703e-05
6.842e-05
6.606e-05
6.672e-05
6.587e-05
6.465e-05
6.568e-05
6.440e-05
6.644e-05
6.707e-05
6.942e-05
6.693e-05
6.691e-05
6.750e-05
6.879e-05
6.701e-05
6.820e-05
6.841e-05
7.395e-05
6.804e-05
6.998e-05
7.020e-05
6.966e-05
7.078e-05
7.058e-05
7.028e-05
6.925e-05
7.486e-05
7.152e-05
6.932e-05
7.006e-05
8.505e-05
7.288e-05
7.675e-05
7.091e-05
7.358e-05
7.273e-05
7.209e-05
7.351e-05
7.189e-05
7.209e-05
7.133e-05
8.059e-05
7.254e-05
7.165e-05
7.727e-05
7.504e-05
7.201e-05
7.253e-05
7.178e-05
7.360e-05
7.334e-05
7.391e-05
7.432e-05
7.255e-05
7.651e-05
7.409e-05
7.504e-05
7.346e-05
7.562e-05
7.246e-05
7.416e-05
7.078e-05
7.246e-05
7.430e-05
1.621e-04
2.503e-04
7.238e-05
7.299e-05
7.180e-05
7.130e-05
7.204e-05
7.110e-05
7.335e-05
7.528e-05
7.248e-05
7.340e-05
7.457e-05
7.673e-05
7.824e-05
7.897e-05
7.770e-05
7.831e-05
7.730e-05
7.841e-05
7.658e-05
7.772e-05
7.797e-05
7.601e-05
8.715e-05
7.690e-05
8.567e-05
8.019e-05
8.099e-05
7.735e-05
7.673e-05
7.719e-05
8.455e-05
8.388e-05
7.725e-05
8.259e-05
7.526e-05
7.734e-05
7.794e-05
7.783e-05
7.708e-05
7.619e-05
8.031e-05
7.688e-05
7.749e-05
7.767e-05
7.714e-05
7.762e-05
7.652e-05
7.963e-05
7.817e-05
8.010e-05
8.982e-05
7.922e-05
7.951e-05
8.042e-05
7.937e-05
8.016e-05
7.591e-05
7.052e-05
7.229e-05
7.070e-05
7.184e-05
7.223e-05
6.896e-05
6.539e-05
6.662e-05
6.708e-05
6.833e-05
6.817e-05
6.926e-05
6.825e-05
6.713e-05
6.900e-05
7.238e-05
6.623e-05
6.647e-05
7.182e-05
7.915e-05
8.096e-05
7.347e-05
7.471e-05
7.318e-05
2.268e-04
8.581e-05
7.718e-05
7.832e-05
7.863e-05
8.094e-05
7.805e-05
8.278e-05
7.814e-05
7.930e-05
8.114e-05
7.830e-05
7.798e-05
7.868e-05
8.347e-05
7.067e-05
7.218e-05
7.142e-05
7.279e-05
8.155e-05
7.212e-05
7.773e-05
7.362e-05
7.364e-05
7.440e-05
7.344e-05
7.716e-05
7.076e-05
6.905e-05
7.087e-05
7.144e-05
7.010e-05
7.153e-05
6.916e-05
7.209e-05
6.977e-05
6.778e-05
6.850e-05
7.025e-05
6.783e-05
1.283e-04
2.039e-04
8.325e-05
7.849e-05
7.814e-05
7.648e-05
7.730e-05
7.660e-05
8.058e-05
7.214e-05
6.992e-05
7.236e-05
7.040e-05
7.259e-05
7.030e-05
6.771e-05
6.902e-05
6.944e-05
6.882e-05
7.007e-05
6.823e-05
7.929e-05
7.276e-05
7.162e-05
7.396e-05
7.340e-05
7.985e-05
6.846e-05
6.917e-05
7.059e-05
6.932e-05
6.927e-05
6.967e-05
7.109e-05
7.343e-05
7.831e-05
6.775e-05
6.896e-05
7.116e-05
6.792e-05
7.113e-05
6.995e-05
6.987e-05
6.907e-05
7.115e-05
7.742e-05
7.307e-05
7.182e-05
7.458e-05
7.267e-05
7.786e-05
7.296e-05
7.361e-05
7.991e-05
7.828e-05
7.425e-05
7.512e-05
7.365e-05
7.700e-05
7.602e-05
7.765e-05
7.591e-05
7.714e-05
7.864e-05
7.769e-05
7.795e-05
7.899e-05
8.021e-05
7.788e-05
8.125e-05
7.310e-05
7.552e-05
7.233e-05
7.417e-05
7.485e-05
7.343e-05
7.985e-05
7.121e-05
7.194e-05
7.233e-05
7.158e-05
7.510e-05
7.372e-05
7.103e-05
7.885e-05
7.686e-05
7.437e-05
7.774e-05
7.542e-05
7.699e-05
7.677e-05
7.201e-05
7.285e-05
7.135e-05
7.331e-05
7.151e-05
7.274e-05
7.190e-05
7.016e-05
7.295e-05
7.774e-05
7.228e-05
7.511e-05
6.964e-05
7.128e-05
7.031e-05
7.122e-05
7.231e-05
6.826e-05
7.108e-05
7.551e-05
7.216e-05
7.326e-05
7.650e-05
7.302e-05
7.494e-05
7.601e-05
7.384e-05
8.534e-05
7.180e-05
7.183e-05
7.128e-05
7.038e-05
7.057e-05
7.311e-05
7.010e-05
7.504e-05
7.180e-05
7.160e-05
7.180e-05
7.362e-05
7.258e-05
7.269e-05
7.339e-05
7.617e-05
6.820e-05
6.739e-05
6.911e-05
6.908e-05
6.858e-05
7.107e-05
6.859e-05
6.996e-05
7.710e-05
7.649e-05
7.499e-05
7.810e-05
7.668e-05
7.683e-05
7.372e-05
7.524e-05
7.435e-05
8.096e-05
8.119e-05
7.682e-05
8.190e-05
7.099e-05
7.323e-05
7.304e-05
7.284e-05
7.256e-05
7.796e-05
7.017e-05
7.121e-05
7.048e-05
7.154e-05
7.088e-05
6.984e-05
6.726e-05
7.064e-05
7.254e-05
7.198e-05
6.897e-05
6.496e-05
6.655e-05
7.888e-05
7.410e-05
8.671e-05
8.678e-05
7.289e-05
7.361e-05
7.304e-05
7.306e-05
8.028e-05
7.022e-05
6.893e-05
6.970e-05
6.963e-05
6.907e-05
6.833e-05
6.938e-05
7.009e-05
7.654e-05
7.334e-05
7.321e-05
7.409e-05
7.343e-05
7.374e-05
7.331e-05
7.367e-05
7.863e-05
6.934e-05
6.933e-05
6.947e-05
7.804e-05
7.592e-05
6.892e-05
7.033e-05
6.883e-05
8.492e-05
7.811e-05
7.583e-05
7.657e-05
7.613e-05
2.170e-04
9.414e-05
8.677e-05
8.575e-05
8.653e-05
8.585e-05
8.460e-05
8.684e-05
8.617e-05
8.265e-05
7.865e-05
7.950e-05
7.628e-05
7.959e-05
7.882e-05
7.926e-05
7.818e-05
7.857e-05
8.656e-05
8.495e-05
8.542e-05
8.486e-05
8.986e-05
8.441e-05
7.774e-05
7.902e-05
7.898e-05
7.903e-05
7.930e-05
7.917e-05
7.819e-05
7.857e-05
7.863e-05
7.910e-05
7.996e-05
7.792e-05
8.505e-05
7.964e-05
7.881e-05
7.853e-05
8.063e-05
8.773e-05
8.229e-05
8.396e-05
8.320e-05
1.040e-04
1.079e-04
8.556e-05
8.032e-05
7.975e-05
8.817e-05
8.985e-05
8.628e-05
8.812e-05
8.462e-05
9.843e-05
8.887e-05
9.029e-05
8.694e-05
8.916e-05
8.729e-05
8.921e-05
8.920e-05
8.756e-05
8.734e-05
9.043e-05
3.555e-04
8.954e-05
8.797e-05
8.721e-05
8.686e-05
8.737e-05
8.820e-05
8.944e-05
9.090e-05
8.892e-05
9.276e-05
8.949e-05
9.701e-05
1.046e-04
8.349e-05
8.917e-05
8.300e-05
8.968e-05
8.692e-05
8.432e-05
8.598e-05
8.497e-05
8.431e-05
8.691e-05
9.119e-05
8.048e-05
8.099e-05
8.201e-05
8.605e-05
8.846e-05
8.247e-05
8.888e-05
9.055e-05
8.588e-05
8.478e-05
8.450e-05
8.702e-05
8.905e-05
8.493e-05
8.526e-05
8.510e-05
9.492e-05
8.471e-05
8.386e-05
1.014e-04
7.631e-05
7.720e-05
7.793e-05
7.797e-05
7.699e-05
8.673e-05
8.093e-05
8.533e-05
8.306e-05
8.103e-05
8.919e-05
8.109e-05
8.083e-05
8.208e-05
7.859e-05
7.905e-05
7.885e-05
7.944e-05
8.029e-05
7.816e-05
7.342e-05
7.391e-05
7.413e-05
7.505e-05
7.447e-05
7.410e-05
7.231e-05
7.663e-05
8.032e-05
7.472e-05
7.495e-05
7.523e-05
7.496e-05
8.033e-05
7.635e-05
7.703e-05
7.664e-05
7.670e-05
7.660e-05
7.602e-05
7.551e-05
8.524e-05
7.367e-05
7.448e-05
7.535e-05
7.439e-05
7.495e-05
8.092e-05
7.460e-05
7.419e-05
7.394e-05
7.624e-05
7.402e-05
7.573e-05
7.408e-05
7.409e-05
7.490e-05
7.321e-05
7.343e-05
7.406e-05
1.882e-04
1.848e-04
8.075e-05
7.684e-05
7.403e-05
7.613e-05
7.606e-05
7.446e-05
7.495e-05
7.506e-05
7.481e-05
7.709e-05
7.645e-05
7.537e-05
7.479e-05
7.548e-05
7.483e-05
7.480e-05
8.249e-05
7.285e-05
7.124e-05
7.471e-05
7.263e-05
7.308e-05
7.160e-05
8.408e-05
7.522e-05
7.591e-05
7.500e-05
7.505e-05
7.895e-05
7.086e-05
7.266e-05
7.301e-05
8.924e-05
7.466e-05
7.211e-05
7.066e-05
7.823e-05
7.682e-05
7.754e-05
7.792e-05
8.053e-05
8.300e-05
7.473e-05
7.613e-05
8.152e-05
7.743e-05
8.820e-05
7.969e-05
8.168e-05
8.213e-05
8.934e-05
8.213e-05
8.367e-05
8.206e-05
8.366e-05
8.075e-05
8.111e-05
8.220e-05
8.219e-05
8.837e-05
8.128e-05
8.165e-05
8.035e-05
8.221e-05
8.058e-05
8.150e-05
8.094e-05
8.191e-05
7.994e-05
8.211e-05
8.333e-05
8.172e-05
8.060e-05
8.155e-05
8.083e-05
8.101e-05
8.108e-05
8.268e-05
7.949e-05
8.296e-05
8.059e-05
8.282e-05
8.043e-05
8.260e-05
7.912e-05
7.855e-05
8.092e-05
8.055e-05
8.512e-05
8.238e-05
8.290e-05
8.246e-05
8.835e-05
8.140e-05
9.153e-05
8.028e-05
8.237e-05
8.088e-05
8.238e-05
8.571e-05
8.209e-05
8.291e-05
7.989e-05
8.269e-05
8.216e-05
9.018e-05
7.926e-05
8.020e-05
8.162e-05
7.798e-05
8.096e-05
8.142e-05
7.939e-05
7.937e-05
8.194e-05
7.953e-05
7.964e-05
8.237e-05
8.100e-05
8.077e-05
8.421e-05
8.212e-05
8.675e-05
8.366e-05
8.239e-05
8.311e-05
8.005e-05
8.362e-05
8.212e-05
9.055e-05
8.766e-05
8.239e-05
8.292e-05
7.850e-05
8.055e-05
8.177e-05
9.126e-05
9.082e-05
8.413e-05
7.995e-05
7.905e-05
7.836e-05
8.275e-05
8.942e-05
8.474e-05
8.299e-05
8.386e-05
8.524e-05
8.927e-05
8.837e-05
7.968e-05
7.938e-05
8.235e-05
8.155e-05
8.766e-05
8.279e-05
9.269e-05
8.432e-05
8.697e-05
8.297e-05
8.586e-05
8.672e-05
8.133e-05
8.316e-05
8.145e-05
8.955e-05
8.581e-05
8.020e-05
8.723e-05
8.028e-05
8.073e-05
7.999e-05
9.105e-05
8.371e-05
8.350e-05
8.295e-05
8.455e-05
8.622e-05
8.355e-05
8.241e-05
8.512e-05
8.972e-05
7.851e-05
7.887e-05
8.597e-05
8.479e-05
7.923e-05
7.922e-05
7.861e-05
8.145e-05
8.027e-05
8.253e-05
8.096e-05
7.968e-05
8.001e-05
7.962e-05
7.865e-05
8.064e-05
8.362e-05
8.303e-05
8.029e-05
8.014e-05
8.099e-05
7.979e-05
8.152e-05
8.260e-05
8.097e-05
7.936e-05
8.065e-05
7.940e-05
8.518e-05
8.070e-05
7.990e-05
7.955e-05
7.874e-05
8.130e-05
8.145e-05
9.019e-05
8.005e-05
8.033e-05
7.970e-05
7.865e-05
7.981e-05
8.253e-05
8.126e-05
8.073e-05
8.129e-05
8.101e-05
8.439e-05
7.841e-05
8.024e-05
8.704e-05
7.968e-05
7.985e-05
8.428e-05
8.106e-05
7.936e-05
8.038e-05
8.036e-05
8.020e-05
8.386e-05
7.995e-05
8.101e-05
8.083e-05
7.967e-05
8.036e-05
8.206e-05
7.707e-05
7.872e-05
8.534e-05
8.409e-05
8.112e-05
8.642e-05
8.309e-05
8.217e-05
8.344e-05
8.303e-05
9.308e-05
8.814e-05
8.790e-05
8.681e-05
8.799e-05
8.892e-05
8.805e-05
8.920e-05
8.705e-05
8.680e-05
8.748e-05
8.756e-05
8.809e-05
8.707e-05
8.763e-05
8.773e-05
8.665e-05
8.729e-05
8.877e-05
3.675e-04
1.021e-04
9.448e-05
9.059e-05
9.096e-05
8.773e-05
8.990e-05
8.936e-05
9.486e-05
8.485e-05
8.809e-05
8.416e-05
8.288e-05
8.727e-05
8.422e-05
8.361e-05
8.301e-05
8.615e-05
8.249e-05
8.308e-05
8.038e-05
8.265e-05
8.072e-05
8.347e-05
9.402e-05
8.371e-05
9.382e-05
9.013e-05
9.506e-05
9.538e-05
9.154e-05
8.882e-05
9.361e-05
8.997e-05
2.882e-04
9.861e-05
9.049e-05
9.623e-05
9.355e-05
8.643e-05
8.641e-05
8.678e-05
9.535e-05
9.066e-05
9.180e-05
9.358e-05
9.594e-05
9.328e-05
9.381e-05
1.002e-04
9.255e-05
9.776e-05
9.855e-05
9.245e-05
1.024e-04
9.342e-05
9.386e-05
9.254e-05
9.659e-05
9.382e-05
9.347e-05
9.301e-05
1.029e-04
9.272e-05
9.221e-05
9.213e-05
8.807e-05
9.349e-05
9.620e-05
9.244e-05
9.205e-05
1.053e-04
9.544e-05
9.614e-05
9.588e-05
1.035e-04
1.004e-04
9.742e-05
9.396e-05
3.279e-04
1.094e-04
9.890e-05
1.135e-04
9.789e-05
1.015e-04
9.827e-05
9.468e-05
9.516e-05
9.700e-05
9.611e-05
9.420e-05
9.501e-05
1.071e-04
1.035e-04
9.814e-05
1.024e-04
9.969e-05
1.048e-04
9.421e-05
9.544e-05
9.212e-05
9.669e-05
9.496e-05
9.493e-05
9.337e-05
1.054e-04
9.013e-05
8.769e-05
9.149e-05
8.619e-05
8.324e-05
8.685e-05
8.749e-05
9.487e-05
8.933e-05
8.963e-05
9.586e-05
9.211e-05
9.013e-05
8.800e-05
9.707e-05
9.333e-05
9.276e-05
9.674e-05
9.390e-05
9.326e-05
9.106e-05
9.797e-05
9.050e-05
8.637e-05
8.799e-05
8.765e-05
8.741e-05
9.466e-05
8.426e-05
8.553e-05
8.690e-05
8.549e-05
8.574e-05
8.692e-05
8.373e-05
8.286e-05
8.445e-05
8.095e-05
8.449e-05
9.609e-05
8.734e-05
8.787e-05
8.758e-05
8.711e-05
9.769e-05
8.313e-05
8.602e-05
8.376e-05
8.433e-05
8.473e-05
8.443e-05
8.530e-05
8.594e-05
8.224e-05
8.915e-05
8.443e-05
8.811e-05
8.518e-05
8.286e-05
8.284e-05
8.441e-05
8.135e-05
8.317e-05
8.331e-05
8.646e-05
8.371e-05
8.275e-05
9.100e-05
8.557e-05
8.615e-05
8.701e-05
8.517e-05
9.689e-05
8.296e-05
8.558e-05
8.272e-05
8.468e-05
8.620e-05
8.401e-05
8.406e-05
8.347e-05
8.539e-05
8.383e-05
8.513e-05
8.495e-05
8.655e-05
8.421e-05
8.535e-05
8.426e-05
8.325e-05
8.387e-05
8.339e-05
8.418e-05
8.340e-05
8.371e-05
8.380e-05
9.376e-05
8.780e-05
8.487e-05
9.394e-05
8.567e-05
8.795e-05
9.022e-05
8.839e-05
8.994e-05
8.665e-05
8.931e-05
8.986e-05
8.322e-05
8.281e-05
8.718e-05
8.647e-05
8.390e-05
9.115e-05
8.725e-05
9.142e-05
9.181e-05
8.695e-05
8.168e-05
8.352e-05
8.233e-05
9.941e-05
9.096e-05
9.339e-05
9.508e-05
9.130e-05
9.205e-05
9.168e-05
9.971e-05
8.957e-05
9.000e-05
8.895e-05
9.041e-05
9.326e-05
9.240e-05
9.550e-05
8.621e-05
8.865e-05
9.330e-05
9.345e-05
8.918e-05
9.396e-05
9.874e-05
9.327e-05
8.919e-05
9.200e-05
9.335e-05
9.061e-05
9.110e-05
9.122e-05
9.191e-05
9.207e-05
8.542e-05
8.786e-05
8.759e-05
8.283e-05
8.338e-05
8.855e-05
8.647e-05
8.757e-05
8.534e-05
8.597e-05
8.627e-05
8.048e-05
8.368e-05
8.574e-05
8.230e-05
8.440e-05
9.020e-05
8.105e-05
9.462e-05
9.019e-05
9.001e-05
9.678e-05
9.230e-05
8.998e-05
9.153e-05
9.016e-05
8.861e-05
9.012e-05
8.814e-05
9.615e-05
8.712e-05
8.801e-05
8.646e-05
9.772e-05
8.745e-05
8.818e-05
8.658e-05
8.685e-05
8.940e-05
8.662e-05
8.732e-05
8.839e-05
9.036e-05
8.489e-05
8.807e-05
8.719e-05
8.860e-05
8.769e-05
8.767e-05
8.781e-05
8.750e-05
8.610e-05
8.811e-05
8.872e-05
8.697e-05
8.737e-05
8.797e-05
8.845e-05
8.891e-05
8.816e-05
8.805e-05
9.030e-05
8.626e-05
8.747e-05
8.702e-05
8.811e-05
8.859e-05
8.844e-05
8.830e-05
8.713e-05
8.511e-05
8.647e-05
8.570e-05
8.438e-05
8.698e-05
8.769e-05
8.878e-05
9.512e-05
8.768e-05
1.019e-04
8.966e-05
8.615e-05
8.487e-05
9.770e-05
9.175e-05
9.265e-05
9.141e-05
9.409e-05
1.058e-04
1.010e-04
9.534e-05
9.506e-05
9.444e-05
9.381e-05
9.567e-05
9.644e-05
9.539e-05
9.074e-05
8.896e-05
8.917e-05
9.050e-05
8.960e-05
2.337e-04
1.320e-04
9.458e-05
9.576e-05
9.072e-05
9.066e-05
8.935e-05
8.803e-05
9.007e-05
9.341e-05
9.093e-05
8.838e-05
9.029e-05
8.989e-05
1.060e-04
9.363e-05
9.339e-05
9.389e-05
9.470e-05
9.862e-05
2.128e-04
1.166e-04
9.939e-05
9.746e-05
9.571e-05
9.466e-05
9.668e-05
1.024e-04
1.120e-04
9.048e-05
8.936e-05
9.091e-05
9.436e-05
8.993e-05
8.987e-05
1.060e-04
1.017e-04
1.038e-04
1.019e-04
1.011e-04
9.964e-05
1.043e-04
1.039e-04
9.481e-05
1.006e-04
9.664e-05
9.749e-05
9.707e-05
9.592e-05
9.069e-05
8.822e-05
8.911e-05
8.954e-05
9.399e-05
8.923e-05
9.357e-05
8.905e-05
8.932e-05
9.252e-05
9.140e-05
9.417e-05
9.640e-05
1.091e-04
9.619e-05
9.676e-05
9.600e-05
9.671e-05
9.713e-05
9.564e-05
9.549e-05
8.990e-05
8.660e-05
8.777e-05
8.932e-05
8.911e-05
1.052e-04
9.438e-05
9.433e-05
9.489e-05
9.449e-05
9.367e-05
8.860e-05
9.735e-05
9.495e-05
9.041e-05
8.619e-05
8.462e-05
9.670e-05
9.695e-05
9.890e-05
9.866e-05
9.809e-05
9.871e-05
9.660e-05
3.266e-04
1.031e-04
9.453e-05
9.377e-05
1.005e-04
9.922e-05
1.001e-04
1.034e-04
9.969e-05
1.083e-04
9.256e-05
9.460e-05
9.473e-05
9.228e-05
9.343e-05
1.073e-04
1.007e-04
1.013e-04
1.006e-04
9.903e-05
9.741e-05
9.946e-05
9.774e-05
9.924e-05
9.581e-05
9.866e-05
9.913e-05
1.025e-04
9.735e-05
9.782e-05
9.836e-05
9.696e-05
1.001e-04
9.672e-05
1.032e-04
1.009e-04
1.212e-04
1.122e-04
1.160e-04
1.110e-04
1.072e-04
1.139e-04
1.023e-04
1.042e-04
1.040e-04
1.023e-04
1.034e-04
1.022e-04
9.697e-05
9.895e-05
9.906e-05
1.010e-04
1.122e-04
1.074e-04
1.084e-04
1.106e-04
1.075e-04
1.100e-04
1.042e-04
1.011e-04
9.998e-05
9.689e-05
9.782e-05
1.018e-04
1.070e-04
1.099e-04
1.077e-04
1.098e-04
1.113e-04
1.091e-04
1.070e-04
1.060e-04
1.023e-04
1.056e-04
1.026e-04
1.075e-04
1.068e-04
1.058e-04
1.077e-04
1.048e-04
1.014e-04
9.951e-05
9.858e-05
9.702e-05
9.735e-05
9.784e-05
9.419e-05
1.053e-04
9.847e-05
9.536e-05
9.355e-05
9.383e-05
1.053e-04
1.045e-04
1.036e-04
1.048e-04
1.066e-04
1.049e-04
1.019e-04
1.056e-04
1.053e-04
1.058e-04
1.037e-04
1.042e-04
1.044e-04
1.067e-04
1.038e-04
9.772e-05
9.768e-05
9.348e-05
9.984e-05
9.549e-05
1.090e-04
9.880e-05
9.926e-05
1.010e-04
9.887e-05
9.919e-05
9.906e-05
9.225e-05
9.486e-05
9.324e-05
9.572e-05
9.004e-05
1.018e-04
1.018e-04
1.032e-04
1.025e-04
1.031e-04
2.085e-04
1.130e-04
9.573e-05
9.764e-05
9.444e-05
1.058e-04
9.969e-05
9.880e-05
1.055e-04
9.761e-05
1.004e-04
9.865e-05
9.883e-05
9.634e-05
9.881e-05
9.858e-05
1.001e-04
9.767e-05
1.020e-04
1.023e-04
9.586e-05
9.525e-05
9.562e-05
9.454e-05
9.361e-05
9.835e-05
1.073e-04
9.995e-05
1.004e-04
1.037e-04
9.990e-05
9.779e-05
1.004e-04
9.957e-05
1.045e-04
9.975e-05
1.017e-04
9.959e-05
1.002e-04
1.009e-04
1.029e-04
9.740e-05
9.724e-05
9.855e-05
9.911e-05
1.006e-04
9.991e-05
1.002e-04
1.122e-04
1.044e-04
1.026e-04
1.042e-04
1.048e-04
1.062e-04
1.029e-04
9.212e-05
9.417e-05
9.785e-05
9.612e-05
1.151e-04
1.004e-04
9.526e-05
9.289e-05
9.507e-05
9.537e-05
9.509e-05
1.009e-04
9.580e-05
9.098e-05
9.474e-05
9.520e-05
9.687e-05
1.048e-04
9.637e-05
1.091e-04
1.041e-04
1.029e-04
1.033e-04
1.020e-04
1.046e-04
1.115e-04
1.022e-04
1.068e-04
1.041e-04
1.017e-04
1.087e-04
3.248e-04
1.069e-04
1.080e-04
1.066e-04
1.060e-04
1.073e-04
1.076e-04
1.132e-04
1.003e-04
1.015e-04
9.828e-05
9.948e-05
1.004e-04
9.865e-05
1.025e-04
9.823e-05
9.625e-05
9.721e-05
9.864e-05
9.480e-05
9.436e-05
9.459e-05
9.756e-05
9.208e-05
1.143e-04
1.028e-04
1.107e-04
1.054e-04
1.011e-04
1.023e-04
9.961e-05
1.055e-04
1.052e-04
1.013e-04
1.040e-04
1.035e-04
1.047e-04
1.084e-04
1.093e-04
1.119e-04
1.165e-04
1.089e-04
1.122e-04
1.078e-04
1.062e-04
9.956e-05
1.019e-04
9.915e-05
1.102e-04
1.054e-04
1.027e-04
1.044e-04
1.085e-04
1.005e-04
9.597e-05
9.809e-05
1.003e-04
9.577e-05
9.793e-05
9.380e-05
9.647e-05
1.094e-04
1.044e-04
1.112e-04
1.029e-04
1.037e-04
1.001e-04
1.086e-04
1.028e-04
1.013e-04
1.020e-04
1.082e-04
1.136e-04
1.034e-04
1.035e-04
1.006e-04
1.037e-04
1.036e-04
1.085e-04
1.054e-04
1.066e-04
1.021e-04
3.107e-04
1.155e-04
1.062e-04
1.055e-04
1.068e-04
1.022e-04
1.005e-04
1.009e-04
1.007e-04
9.943e-05
9.831e-05
1.000e-04
1.093e-04
1.019e-04
1.001e-04
1.062e-04
9.788e-05
9.860e-05
9.747e-05
1.008e-04
1.042e-04
1.017e-04
1.011e-04
9.801e-05
9.812e-05
9.593e-05
9.593e-05
9.710e-05
9.661e-05
9.657e-05
9.885e-05
9.696e-05
9.685e-05
9.608e-05
9.702e-05
9.757e-05
1.017e-04
9.460e-05
9.953e-05
9.560e-05
9.847e-05
9.872e-05
9.931e-05
9.822e-05
9.869e-05
9.687e-05
9.691e-05
9.731e-05
9.729e-05
9.648e-05
9.812e-05
9.714e-05
9.884e-05
9.866e-05
1.003e-04
9.762e-05
9.678e-05
9.674e-05
9.746e-05
9.815e-05
9.607e-05
9.728e-05
1.061e-04
1.013e-04
1.007e-04
1.001e-04
9.946e-05
9.773e-05
9.889e-05
9.823e-05
9.782e-05
9.897e-05
1.008e-04
9.812e-05
1.017e-04
1.042e-04
9.876e-05
9.998e-05
1.094e-04
1.044e-04
1.034e-04
1.018e-04
1.021e-04
1.073e-04
9.642e-05
9.830e-05
1.004e-04
1.000e-04
9.882e-05
9.842e-05
9.642e-05
1.086e-04
9.496e-05
1.008e-04
9.712e-05
1.040e-04
1.024e-04
1.038e-04
9.980e-05
1.017e-04
1.035e-04
1.033e-04
9.794e-05
9.999e-05
9.682e-05
9.732e-05
9.652e-05
9.839e-05
9.891e-05
1.089e-04
1.093e-04
1.093e-04
1.147e-04
1.144e-04
1.084e-04
1.084e-04
1.208e-04
1.169e-04
1.157e-04
1.163e-04
1.165e-04
1.102e-04
1.126e-04
1.094e-04
1.081e-04
1.123e-04
1.041e-04
1.054e-04
1.061e-04
1.041e-04
1.032e-04
9.939e-05
1.001e-04
1.004e-04
9.858e-05
9.673e-05
1.244e-04
9.465e-05
1.029e-04
9.685e-05
9.763e-05
9.917e-05
1.169e-04
1.063e-04
1.047e-04
1.053e-04
1.077e-04
9.928e-05
1.007e-04
1.086e-04
7.294e-04
1.444e-04
1.179e-04
1.144e-04
1.983e-04
2.746e-04
2.859e-04
2.999e-04
2.772e-04
2.614e-04
2.599e-04
2.697e-04
2.413e-04
2.400e-04
1.142e-04
1.198e-04
1.162e-04
1.138e-04
1.137e-04
1.229e-04
1.146e-04
1.158e-04
1.211e-04
1.229e-04
1.278e-04
1.189e-04
1.189e-04
1.194e-04
1.118e-04
1.182e-04
1.121e-04
1.141e-04
1.151e-04
1.189e-04
1.222e-04
1.140e-04
1.156e-04
1.240e-04
1.231e-04
1.146e-04
1.246e-04
4.134e-04
1.232e-04
1.226e-04
1.140e-04
1.149e-04
1.176e-04
1.148e-04
1.225e-04
1.148e-04
1.159e-04
1.166e-04
1.155e-04
1.188e-04
1.186e-04
1.068e-04
1.083e-04
1.154e-04
1.093e-04
1.072e-04
1.125e-04
1.026e-04
1.400e-04
1.149e-04
1.093e-04
1.165e-04
1.049e-04
1.118e-04
1.063e-04
1.063e-04
1.077e-04
1.217e-04
1.186e-04
1.214e-04
1.201e-04
1.302e-04
1.300e-04
1.219e-04
1.254e-04
1.206e-04
1.188e-04
1.174e-04
1.100e-04
1.106e-04
1.101e-04
1.094e-04
1.025e-04
1.032e-04
1.054e-04
1.053e-04
1.127e-04
1.056e-04
1.076e-04
1.064e-04
1.018e-04
1.056e-04
9.856e-05
9.928e-05
1.074e-04
1.258e-04
1.276e-04
1.240e-04
1.236e-04
1.210e-04
1.222e-04
1.140e-04
1.146e-04
1.151e-04
1.134e-04
1.178e-04
1.080e-04
1.038e-04
1.032e-04
1.105e-04
1.041e-04
1.241e-04
1.035e-04
1.073e-04
1.032e-04
1.111e-04
1.141e-04
1.083e-04
1.072e-04
1.090e-04
1.135e-04
1.030e-04
1.024e-04
1.011e-04
1.066e-04
1.033e-04
9.858e-05
9.968e-05
9.979e-05
1.193e-04
1.084e-04
1.085e-04
1.069e-04
1.102e-04
1.084e-04
1.021e-04
2.108e-04
1.277e-04
1.250e-04
1.036e-04
1.070e-04
1.057e-04
1.120e-04
1.076e-04
1.040e-04
1.052e-04
1.039e-04
1.062e-04
1.159e-04
1.017e-04
1.033e-04
1.027e-04
1.015e-04
9.768e-05
9.874e-05
9.811e-05
9.802e-05
1.030e-04
9.794e-05
9.650e-05
9.812e-05
9.733e-05
1.025e-04
9.750e-05
1.018e-04
9.975e-05
1.077e-04
9.892e-05
1.073e-04
9.882e-05
9.764e-05
1.052e-04
1.055e-04
9.903e-05
9.711e-05
1.048e-04
1.001e-04
1.010e-04
1.003e-04
1.008e-04
1.047e-04
9.697e-05
9.860e-05
9.922e-05
9.720e-05
1.047e-04
9.888e-05
1.027e-04
9.557e-05
1.153e-04
1.055e-04
1.067e-04
1.101e-04
1.059e-04
1.127e-04
1.126e-04
1.041e-04
1.007e-04
1.094e-04
1.035e-04
1.047e-04
1.105e-04
1.057e-04
1.120e-04
1.048e-04
1.067e-04
1.066e-04
9.751e-05
1.061e-04
1.014e-04
1.110e-04
1.037e-04
1.075e-04
1.044e-04
1.049e-04
1.007e-04
9.991e-05
1.066e-04
9.867e-05
9.786e-05
9.525e-05
1.044e-04
9.999e-05
1.022e-04
1.088e-04
1.105e-04
1.153e-04
1.041e-04
1.201e-04
1.041e-04
1.294e-04
1.045e-04
1.022e-04
1.043e-04
1.005e-04
1.053e-04
1.150e-04
1.060e-04
1.071e-04
1.073e-04
1.086e-04
1.065e-04
1.044e-04
1.013e-04
1.048e-04
1.031e-04
1.040e-04
9.705e-05
1.222e-04
1.630e-04
1.330e-04
1.116e-04
1.087e-04
1.163e-04
1.382e-04
1.566e-04
1.380e-04
1.086e-04
1.311e-04
1.060e-04
1.100e-04
1.080e-04
1.105e-04
1.086e-04
2.123e-04
2.216e-04
1.059e-04
1.119e-04
1.101e-04
1.070e-04
1.067e-04
1.082e-04
1.083e-04
1.078e-04
1.021e-04
1.012e-04
1.050e-04
1.013e-04
1.192e-04
1.103e-04
1.321e-04
1.118e-04
1.197e-04
1.056e-04
1.062e-04
1.163e-04
1.132e-04
1.130e-04
1.117e-04
1.133e-04
1.149e-04
1.145e-04
1.137e-04
1.080e-04
1.114e-04
1.103e-04
1.222e-04
1.114e-04
1.142e-04
1.268e-04
1.126e-04
1.084e-04
1.061e-04
1.309e-04
1.189e-04
1.271e-04
1.186e-04
1.147e-04
1.155e-04
1.202e-04
1.348e-04
1.250e-04
1.129e-04
1.131e-04
1.199e-04
1.119e-04
1.126e-04
1.171e-04
1.263e-04
1.172e-04
1.162e-04
1.155e-04
1.239e-04
1.236e-04
1.322e-04
1.158e-04
1.163e-04
1.209e-04
1.155e-04
1.155e-04
1.155e-04
1.148e-04
1.235e-04
1.179e-04
1.145e-04
1.243e-04
1.277e-04
1.202e-04
3.803e-04
1.168e-04
1.213e-04
1.168e-04
1.309e-04
1.231e-04
1.190e-04
1.296e-04
1.215e-04
1.229e-04
1.220e-04
1.248e-04
1.271e-04
1.238e-04
1.263e-04
1.249e-04
1.275e-04
1.270e-04
1.252e-04
1.270e-04
1.336e-04
1.265e-04
1.333e-04
1.253e-04
1.256e-04
1.237e-04
1.399e-04
1.244e-04
1.164e-04
1.176e-04
1.161e-04
1.183e-04
1.230e-04
1.168e-04
1.197e-04
1.229e-04
1.159e-04
1.183e-04
1.097e-04
1.180e-04
1.162e-04
1.144e-04
1.124e-04
1.161e-04
1.110e-04
1.152e-04
1.091e-04
2.883e-04
1.185e-04
1.141e-04
1.105e-04
1.126e-04
1.139e-04
1.130e-04
1.131e-04
1.115e-04
1.140e-04
1.121e-04
1.116e-04
1.104e-04
1.107e-04
1.143e-04
1.098e-04
1.118e-04
1.103e-04
1.130e-04
1.117e-04
1.166e-04
1.140e-04
1.178e-04
1.129e-04
1.099e-04
1.092e-04
1.105e-04
1.209e-04
1.064e-04
1.071e-04
1.077e-04
1.114e-04
1.065e-04
1.048e-04
1.034e-04
1.048e-04
1.068e-04
1.009e-04
1.022e-04
1.020e-04
1.078e-04
1.064e-04
1.073e-04
1.076e-04
1.058e-04
1.026e-04
1.021e-04
1.024e-04
1.128e-04
1.079e-04
1.077e-04
1.167e-04
1.210e-04
1.253e-04
9.914e-05
1.017e-04
4.220e-04
1.181e-04
1.166e-04
1.084e-04
1.128e-04
1.077e-04
1.069e-04
1.093e-04
1.098e-04
1.092e-04
1.528e-04
1.149e-04
1.204e-04
1.293e-04
1.604e-04
1.498e-04
1.175e-04
1.253e-04
1.105e-04
1.116e-04
1.111e-04
1.132e-04
1.134e-04
1.101e-04
1.117e-04
1.150e-04
1.114e-04
1.139e-04
1.103e-04
1.165e-04
1.179e-04
1.129e-04
1.088e-04
1.120e-04
1.110e-04
1.075e-04
1.116e-04
1.109e-04
1.092e-04
1.090e-04
1.109e-04
1.133e-04
1.050e-04
1.072e-04
1.059e-04
1.069e-04
1.040e-04
1.033e-04
1.038e-04
1.007e-04
1.021e-04
1.030e-04
1.033e-04
1.036e-04
1.014e-04
1.029e-04
1.089e-04
1.039e-04
1.010e-04
1.027e-04
1.045e-04
1.024e-04
1.027e-04
1.010e-04
1.023e-04
1.024e-04
1.023e-04
1.093e-04
1.101e-04
1.064e-04
1.036e-04
1.064e-04
1.063e-04
1.044e-04
1.017e-04
1.036e-04
1.018e-04
1.133e-04
1.088e-04
1.101e-04
1.088e-04
1.126e-04
1.097e-04
1.120e-04
1.127e-04
1.142e-04
1.158e-04
1.159e-04
1.054e-04
1.070e-04
1.149e-04
1.076e-04
1.097e-04
1.033e-04
1.048e-04
1.029e-04
1.049e-04
1.021e-04
1.012e-04
1.026e-04
1.133e-04
1.099e-04
1.093e-04
1.186e-04
1.261e-04
1.174e-04
1.097e-04
1.130e-04
1.101e-04
1.119e-04
1.158e-04
1.131e-04
1.140e-04
1.126e-04
1.123e-04
1.129e-04
1.097e-04
1.007e-04
1.005e-04
1.009e-04
1.042e-04
1.037e-04
1.012e-04
1.008e-04
1.012e-04
1.032e-04
1.092e-04
1.052e-04
1.065e-04
1.057e-04
1.070e-04
1.111e-04
1.031e-04
1.050e-04
1.038e-04
1.073e-04
1.014e-04
1.017e-04
1.027e-04
1.083e-04
1.058e-04
1.019e-04
1.038e-04
1.227e-04
1.020e-04
1.195e-04
1.164e-04
1.149e-04
1.123e-04
1.201e-04
1.103e-04
1.077e-04
1.149e-04
1.104e-04
1.104e-04
1.146e-04
1.142e-04
1.204e-04
1.145e-04
1.164e-04
1.187e-04
1.139e-04
1.248e-04
1.177e-04
1.165e-04
1.244e-04
1.210e-04
1.152e-04
1.139e-04
1.148e-04
1.249e-04
1.132e-04
1.212e-04
1.119e-04
1.278e-04
1.110e-04
1.108e-04
2.800e-04
1.200e-04
1.163e-04
1.121e-04
1.129e-04
1.117e-04
1.197e-04
1.180e-04
1.175e-04
1.154e-04
1.202e-04
1.166e-04
1.180e-04
1.163e-04
1.194e-04
1.157e-04
1.157e-04
1.149e-04
1.362e-04
1.257e-04
1.172e-04
1.149e-04
1.208e-04
1.204e-04
1.272e-04
1.259e-04
1.212e-04
1.345e-04
1.216e-04
1.263e-04
1.206e-04
1.248e-04
1.185e-04
1.202e-04
1.240e-04
1.177e-04
1.350e-04
1.156e-04
1.172e-04
1.175e-04
1.237e-04
1.188e-04
1.657e-04
1.263e-04
1.257e-04
1.256e-04
1.239e-04
1.229e-04
1.299e-04
1.206e-04
1.242e-04
1.214e-04
1.214e-04
1.186e-04
1.218e-04
1.218e-04
1.244e-04
1.266e-04
1.350e-04
1.326e-04
1.252e-04
1.238e-04
1.240e-04
1.311e-04
1.203e-04
1.180e-04
1.180e-04
1.253e-04
1.232e-04
1.302e-04
1.311e-04
1.265e-04
1.314e-04
1.300e-04
1.376e-04
1.299e-04
1.240e-04
1.226e-04
1.192e-04
1.234e-04
1.231e-04
1.335e-04
1.308e-04
1.377e-04
1.257e-04
1.253e-04
1.246e-04
1.215e-04
1.340e-04
3.171e-04
1.210e-04
1.217e-04
1.239e-04
1.449e-04
1.277e-04
1.172e-04
1.306e-04
1.199e-04
1.333e-04
1.387e-04
1.204e-04
1.278e-04
1.199e-04
1.334e-04
1.216e-04
1.200e-04
1.210e-04
1.229e-04
1.287e-04
1.200e-04
1.206e-04
1.210e-04
1.255e-04
1.125e-04
1.138e-04
1.148e-04
1.137e-04
1.210e-04
1.134e-04
1.076e-04
1.077e-04
1.248e-04
1.171e-04
1.173e-04
1.166e-04
1.160e-04
1.155e-04
1.164e-04
1.140e-04
1.139e-04
1.167e-04
1.133e-04
1.130e-04
1.154e-04
1.159e-04
1.242e-04
1.133e-04
1.124e-04
1.129e-04
1.110e-04
1.119e-04
1.105e-04
1.233e-04
1.101e-04
1.109e-04
1.109e-04
1.171e-04
1.172e-04
1.166e-04
1.192e-04
1.217e-04
1.223e-04
1.228e-04
1.209e-04
1.221e-04
1.236e-04
1.105e-04
1.116e-04
1.145e-04
1.112e-04
1.095e-04
1.073e-04
1.081e-04
1.165e-04
1.113e-04
1.112e-04
1.168e-04
1.121e-04
1.081e-04
1.104e-04
1.080e-04
1.124e-04
1.112e-04
1.118e-04
1.144e-04
1.165e-04
1.158e-04
1.164e-04
1.188e-04
1.239e-04
1.156e-04
1.171e-04
1.178e-04
1.172e-04
1.161e-04
1.144e-04
1.127e-04
1.286e-04
1.287e-04
1.138e-04
1.165e-04
1.141e-04
1.180e-04
1.210e-04
1.277e-04
1.264e-04
1.304e-04
1.268e-04
1.203e-04
1.168e-04
1.189e-04
1.140e-04
1.260e-04
1.207e-04
1.277e-04
1.180e-04
1.193e-04
1.229e-04
1.233e-04
1.224e-04
1.235e-04
1.174e-04
1.154e-04
1.180e-04
1.205e-04
1.104e-04
1.103e-04
1.127e-04
1.193e-04
1.103e-04
1.097e-04
1.110e-04
1.118e-04
1.096e-04
1.098e-04
1.094e-04
1.069e-04
1.063e-04
1.064e-04
1.089e-04
1.058e-04
1.189e-04
1.103e-04
1.101e-04
1.091e-04
1.161e-04
1.170e-04
1.201e-04
1.205e-04
1.194e-04
1.187e-04
1.250e-04
1.178e-04
1.160e-04
1.144e-04
1.159e-04
1.262e-04
1.181e-04
1.200e-04
1.189e-04
1.196e-04
1.247e-04
1.247e-04
1.247e-04
1.253e-04
1.238e-04
1.280e-04
1.237e-04
1.291e-04
4.344e-04
1.332e-04
1.180e-04
1.173e-04
1.163e-04
1.232e-04
1.286e-04
1.236e-04
1.242e-04
1.275e-04
1.233e-04
1.327e-04
1.235e-04
1.500e-04
1.217e-04
1.208e-04
1.179e-04
1.248e-04
1.197e-04
1.325e-04
1.338e-04
1.447e-04
1.267e-04
1.248e-04
1.238e-04
1.250e-04
1.280e-04
1.245e-04
1.255e-04
1.203e-04
1.271e-04
1.225e-04
1.276e-04
1.227e-04
1.237e-04
1.170e-04
1.179e-04
1.235e-04
1.250e-04
1.203e-04
1.226e-04
1.212e-04
1.245e-04
1.231e-04
1.145e-04
1.168e-04
1.154e-04
1.160e-04
1.142e-04
1.161e-04
1.131e-04
1.127e-04
1.225e-04
1.171e-04
1.145e-04
1.228e-04
1.284e-04
1.383e-04
1.223e-04
1.264e-04
1.207e-04
1.222e-04
1.194e-04
1.198e-04
1.259e-04
1.191e-04
1.211e-04
1.167e-04
1.216e-04
1.227e-04
1.245e-04
1.275e-04
1.283e-04
1.225e-04
1.179e-04
1.157e-04
1.164e-04
1.148e-04
1.265e-04
1.246e-04
1.291e-04
1.244e-04
1.183e-04
1.178e-04
1.185e-04
1.266e-04
1.251e-04
1.222e-04
1.199e-04
1.259e-04
1.157e-04
1.147e-04
1.150e-04
1.277e-04
1.215e-04
1.221e-04
1.240e-04
1.301e-04
1.204e-04
1.147e-04
1.159e-04
1.309e-04
1.314e-04
1.293e-04
1.307e-04
1.402e-04
1.304e-04
1.249e-04
1.273e-04
1.274e-04
1.292e-04
1.249e-04
1.228e-04
1.243e-04
1.247e-04
1.302e-04
2.901e-04
1.580e-04
1.305e-04
1.342e-04
1.313e-04
1.278e-04
1.248e-04
1.257e-04
1.245e-04
1.337e-04
1.253e-04
1.240e-04
1.310e-04
1.263e-04
1.389e-04
1.251e-04
1.288e-04
1.315e-04
1.374e-04
1.343e-04
1.402e-04
1.335e-04
1.305e-04
1.349e-04
1.361e-04
1.388e-04
1.349e-04
1.358e-04
1.377e-04
1.327e-04
1.523e-04
1.485e-04
1.398e-04
1.472e-04
1.371e-04
1.349e-04
1.382e-04
1.364e-04
1.344e-04
1.342e-04
1.403e-04
1.350e-04
1.308e-04
1.323e-04
1.374e-04
1.371e-04
1.367e-04
1.374e-04
1.437e-04
1.356e-04
1.340e-04
1.324e-04
1.287e-04
1.294e-04
1.294e-04
1.357e-04
1.389e-04
1.405e-04
1.558e-04
1.301e-04
1.327e-04
1.380e-04
1.310e-04
1.365e-04
1.271e-04
1.323e-04
1.340e-04
1.298e-04
1.315e-04
1.343e-04
1.235e-04
1.255e-04
1.250e-04
1.259e-04
1.210e-04
1.249e-04
1.319e-04
1.332e-04
1.304e-04
1.316e-04
1.331e-04
1.299e-04
1.295e-04
1.295e-04
1.244e-04
1.274e-04
1.299e-04
1.342e-04
1.257e-04
1.262e-04
1.271e-04
1.224e-04
1.227e-04
1.241e-04
1.207e-04
1.192e-04
1.188e-04
1.192e-04
1.142e-04
1.145e-04
1.149e-04
1.369e-04
1.257e-04
1.251e-04
1.248e-04
1.255e-04
1.238e-04
1.241e-04
1.203e-04
1.227e-04
1.259e-04
1.216e-04
1.213e-04
1.230e-04
1.340e-04
1.171e-04
1.172e-04
1.272e-04
1.208e-04
1.206e-04
1.210e-04
1.222e-04
1.210e-04
1.215e-04
1.212e-04
1.225e-04
1.257e-04
1.243e-04
1.467e-04
1.380e-04
1.408e-04
1.297e-04
1.370e-04
1.311e-04
1.309e-04
1.329e-04
3.288e-04
1.498e-04
1.470e-04
1.282e-04
1.348e-04
1.351e-04
1.363e-04
1.404e-04
1.345e-04
1.417e-04
1.287e-04
1.439e-04
1.304e-04
1.324e-04
1.359e-04
1.371e-04
1.243e-04
1.243e-04
1.302e-04
1.376e-04
1.275e-04
1.337e-04
1.315e-04
1.341e-04
1.272e-04
1.298e-04
1.210e-04
1.270e-04
1.222e-04
1.173e-04
1.179e-04
1.310e-04
1.184e-04
1.197e-04
1.215e-04
1.300e-04
1.269e-04
1.249e-04
1.241e-04
1.292e-04
1.345e-04
1.248e-04
1.214e-04
1.257e-04
1.300e-04
1.275e-04
1.338e-04
1.259e-04
1.233e-04
1.289e-04
1.380e-04
1.332e-04
1.357e-04
1.392e-04
1.399e-04
1.320e-04
1.325e-04
1.312e-04
1.392e-04
1.273e-04
1.276e-04
1.300e-04
1.260e-04
1.235e-04
1.230e-04
1.244e-04
1.260e-04
1.222e-04
1.239e-04
1.254e-04
1.317e-04
1.243e-04
1.246e-04
1.244e-04
1.304e-04
1.337e-04
1.311e-04
1.325e-04
1.349e-04
1.334e-04
1.212e-04
1.263e-04
1.355e-04
1.228e-04
1.206e-04
1.373e-04
1.388e-04
1.347e-04
1.334e-04
1.379e-04
1.305e-04
1.279e-04
1.292e-04
1.238e-04
1.188e-04
1.190e-04
1.320e-04
1.264e-04
1.268e-04
1.196e-04
3.149e-04
1.522e-04
1.328e-04
1.351e-04
1.386e-04
1.243e-04
1.253e-04
1.300e-04
1.248e-04
1.207e-04
1.212e-04
1.204e-04
1.199e-04
1.177e-04
1.177e-04
1.194e-04
1.206e-04
1.182e-04
1.249e-04
1.246e-04
1.333e-04
1.247e-04
1.333e-04
1.266e-04
1.260e-04
1.237e-04
1.221e-04
1.189e-04
1.180e-04
1.253e-04
1.190e-04
1.215e-04
1.176e-04
1.231e-04
1.202e-04
1.210e-04
1.173e-04
1.255e-04
1.171e-04
1.218e-04
1.205e-04
1.211e-04
1.243e-04
1.256e-04
1.243e-04
1.228e-04
1.227e-04
1.228e-04
1.239e-04
1.277e-04
1.362e-04
1.401e-04
1.351e-04
1.368e-04
1.369e-04
1.293e-04
1.287e-04
1.311e-04
1.310e-04
1.271e-04
1.309e-04
1.479e-04
1.332e-04
1.240e-04
1.274e-04
1.255e-04
1.369e-04
1.292e-04
1.251e-04
1.317e-04
1.303e-04
1.292e-04
1.412e-04
1.324e-04
1.345e-04
1.332e-04
1.347e-04
1.422e-04
1.283e-04
1.215e-04
1.211e-04
1.223e-04
1.218e-04
1.352e-04
1.408e-04
1.404e-04
1.371e-04
1.393e-04
1.379e-04
1.508e-04
1.336e-04
1.324e-04
1.313e-04
1.384e-04
1.330e-04
2.558e-04
1.494e-04
1.515e-04
1.473e-04
1.503e-04
1.453e-04
1.439e-04
1.448e-04
1.451e-04
1.454e-04
1.422e-04
1.383e-04
1.383e-04
1.412e-04
1.460e-04
1.410e-04
1.395e-04
1.423e-04
2.310e-04
1.587e-04
1.393e-04
1.381e-04
1.365e-04
1.382e-04
1.373e-04
1.569e-04
1.422e-04
1.419e-04
1.431e-04
1.430e-04
1.381e-04
1.376e-04
1.490e-04
1.467e-04
1.478e-04
1.550e-04
1.392e-04
1.391e-04
1.367e-04
2.194e-04
2.048e-04
1.862e-04
3.516e-04
1.940e-04
1.576e-04
1.380e-04
1.489e-04
1.408e-04
1.397e-04
1.387e-04
1.455e-04
1.451e-04
1.382e-04
1.355e-04
1.392e-04
1.349e-04
1.335e-04
1.317e-04
1.619e-04
1.366e-04
1.313e-04
1.372e-04
1.405e-04
1.342e-04
1.345e-04
1.350e-04
1.416e-04
1.350e-04
1.373e-04
1.284e-04
1.354e-04
1.343e-04
1.429e-04
1.410e-04
1.327e-04
1.308e-04
1.323e-04
1.280e-04
1.308e-04
1.248e-04
1.280e-04
1.296e-04
1.334e-04
1.284e-04
1.329e-04
1.342e-04
1.312e-04
1.310e-04
1.266e-04
1.352e-04
1.311e-04
1.302e-04
1.354e-04
1.362e-04
1.338e-04
1.363e-04
1.302e-04
1.318e-04
1.311e-04
1.299e-04
1.352e-04
1.381e-04
4.288e-04
1.230e-04
1.254e-04
1.226e-04
1.249e-04
1.330e-04
1.303e-04
1.268e-04
1.360e-04
2.182e-04
2.633e-04
1.496e-04
1.273e-04
1.382e-04
1.323e-04
1.266e-04
1.322e-04
1.320e-04
1.319e-04
1.306e-04
1.321e-04
1.347e-04
1.337e-04
1.268e-04
1.287e-04
1.396e-04
1.408e-04
1.306e-04
1.385e-04
1.333e-04
1.332e-04
1.264e-04
1.299e-04
1.271e-04
1.392e-04
1.290e-04
1.332e-04
1.345e-04
1.240e-04
1.253e-04
1.236e-04
1.474e-04
1.301e-04
1.267e-04
1.256e-04
1.256e-04
1.329e-04
1.260e-04
1.332e-04
1.307e-04
1.311e-04
1.295e-04
1.359e-04
1.288e-04
1.267e-04
1.326e-04
1.245e-04
1.281e-04
1.289e-04
1.275e-04
1.287e-04
1.253e-04
1.254e-04
1.245e-04
1.291e-04
1.244e-04
1.239e-04
1.287e-04
1.262e-04
1.300e-04
1.258e-04
1.252e-04
1.271e-04
1.259e-04
1.269e-04
1.331e-04
1.306e-04
1.277e-04
1.299e-04
1.314e-04
1.242e-04
1.290e-04
1.282e-04
1.301e-04
1.302e-04
1.344e-04
1.295e-04
1.487e-04
1.264e-04
1.278e-04
1.313e-04
1.331e-04
1.259e-04
1.266e-04
1.293e-04
1.268e-04
1.266e-04
1.261e-04
1.264e-04
2.297e-04
1.528e-04
1.528e-04
1.404e-04
1.296e-04
1.301e-04
1.306e-04
1.297e-04
1.291e-04
1.283e-04
1.305e-04
1.309e-04
1.324e-04
1.258e-04
1.266e-04
1.323e-04
1.265e-04
1.305e-04
1.297e-04
1.299e-04
1.306e-04
1.279e-04
1.253e-04
1.272e-04
1.338e-04
1.316e-04
1.316e-04
1.359e-04
1.337e-04
1.293e-04
1.307e-04
1.364e-04
1.347e-04
1.404e-04
1.351e-04
1.440e-04
1.281e-04
1.265e-04
1.283e-04
1.389e-04
1.345e-04
1.322e-04
1.372e-04
1.365e-04
1.239e-04
1.301e-04
1.309e-04
1.309e-04
1.310e-04
1.306e-04
1.374e-04
1.418e-04
1.304e-04
1.302e-04
1.400e-04
1.392e-04
1.455e-04
1.313e-04
1.418e-04
1.309e-04
1.295e-04
1.304e-04
1.411e-04
1.980e-04
1.330e-04
1.465e-04
1.489e-04
1.346e-04
1.577e-04
2.231e-04
1.787e-04
2.205e-04
2.349e-04
1.600e-04
1.390e-04
1.387e-04
1.487e-04
1.451e-04
1.448e-04
1.359e-04
1.360e-04
1.394e-04
1.336e-04
1.350e-04
1.350e-04
1.320e-04
1.276e-04
1.318e-04
1.359e-04
1.273e-04
1.313e-04
1.297e-04
1.357e-04
1.274e-04
1.431e-04
1.683e-04
1.404e-04
1.269e-04
1.387e-04
1.395e-04
1.549e-04
1.354e-04
1.258e-04
1.315e-04
1.303e-04
1.412e-04
1.301e-04
1.243e-04
1.243e-04
1.238e-04
1.251e-04
1.252e-04
1.225e-04
1.254e-04
1.219e-04
1.210e-04
1.299e-04
1.291e-04
1.249e-04
1.285e-04
1.257e-04
1.302e-04
1.291e-04
1.229e-04
1.251e-04
1.300e-04
1.267e-04
1.260e-04
1.331e-04
1.241e-04
1.242e-04
1.444e-04
1.433e-04
1.269e-04
1.246e-04
1.248e-04
1.256e-04
1.275e-04
1.260e-04
1.221e-04
1.296e-04
1.228e-04
1.218e-04
1.245e-04
1.237e-04
1.338e-04
1.282e-04
1.288e-04
1.295e-04
1.302e-04
1.302e-04
1.276e-04
1.279e-04
1.311e-04
1.346e-04
1.271e-04
1.312e-04
1.427e-04
1.430e-04
3.037e-04
1.523e-04
1.505e-04
1.436e-04
1.338e-04
1.400e-04
1.380e-04
1.361e-04
1.372e-04
1.395e-04
2.723e-04
1.356e-04
1.412e-04
1.373e-04
1.374e-04
1.369e-04
1.472e-04
1.386e-04
1.307e-04
1.249e-04
1.313e-04
1.313e-04
1.257e-04
1.250e-04
1.316e-04
1.241e-04
1.319e-04
1.207e-04
1.252e-04
1.243e-04
1.303e-04
1.285e-04
1.333e-04
1.306e-04
1.275e-04
1.272e-04
1.321e-04
1.276e-04
1.277e-04
1.271e-04
1.266e-04
1.246e-04
1.234e-04
1.263e-04
1.242e-04
1.239e-04
1.248e-04
1.580e-04
1.504e-04
1.579e-04
1.506e-04
1.333e-04
1.309e-04
1.307e-04
1.692e-04
1.490e-04
1.419e-04
1.578e-04
1.488e-04
1.579e-04
1.758e-04
1.738e-04
1.867e-04
1.757e-04
1.806e-04
1.517e-04
1.368e-04
1.371e-04
1.321e-04
1.389e-04
1.409e-04
1.361e-04
1.374e-04
1.305e-04
1.320e-04
1.311e-04
1.324e-04
1.305e-04
1.319e-04
1.325e-04
1.285e-04
1.272e-04
1.349e-04
1.314e-04
1.274e-04
1.332e-04
1.326e-04
1.304e-04
1.303e-04
1.288e-04
1.279e-04
1.287e-04
1.282e-04
1.317e-04
1.292e-04
1.301e-04
1.297e-04
1.283e-04
1.506e-04
1.281e-04
1.289e-04
1.277e-04
1.292e-04
1.285e-04
1.285e-04
1.298e-04
1.294e-04
1.284e-04
1.293e-04
1.290e-04
1.314e-04
1.303e-04
1.386e-04
1.304e-04
1.290e-04
1.319e-04
1.276e-04
1.302e-04
1.337e-04
1.285e-04
1.275e-04
1.303e-04
1.325e-04
1.294e-04
1.282e-04
1.335e-04
1.285e-04
1.271e-04
1.304e-04
1.339e-04
1.287e-04
1.298e-04
1.302e-04
1.342e-04
1.324e-04
1.491e-04
1.350e-04
1.286e-04
1.289e-04
1.296e-04
1.297e-04
1.330e-04
1.286e-04
1.242e-04
1.258e-04
1.400e-04
1.394e-04
1.314e-04
1.465e-04
1.270e-04
1.249e-04
1.293e-04
1.310e-04
2.123e-04
1.616e-04
1.582e-04
3.010e-04
1.511e-04
1.308e-04
1.235e-04
1.258e-04
1.239e-04
1.249e-04
1.315e-04
1.273e-04
1.255e-04
1.273e-04
1.310e-04
1.244e-04
1.332e-04
1.374e-04
1.248e-04
1.253e-04
1.564e-04
1.280e-04
1.325e-04
1.421e-04
1.379e-04
1.333e-04
1.315e-04
1.306e-04
1.361e-04
1.264e-04
1.266e-04
1.253e-04
1.388e-04
1.253e-04
1.303e-04
1.292e-04
1.296e-04
1.288e-04
1.309e-04
1.293e-04
1.313e-04
1.304e-04
1.310e-04
1.263e-04
1.299e-04
1.406e-04
1.315e-04
1.306e-04
1.391e-04
1.365e-04
1.327e-04
1.286e-04
1.317e-04
1.297e-04
1.299e-04
1.346e-04
1.323e-04
1.337e-04
1.299e-04
1.323e-04
1.302e-04
1.397e-04
1.349e-04
1.321e-04
1.339e-04
1.454e-04
1.275e-04
1.290e-04
1.393e-04
1.307e-04
1.409e-04
1.305e-04
1.404e-04
1.258e-04
1.414e-04
2.693e-04
1.483e-04
1.378e-04
1.426e-04
1.314e-04
1.287e-04
1.300e-04
1.308e-04
1.331e-04
1.317e-04
1.293e-04
1.303e-04
1.319e-04
1.312e-04
1.315e-04
1.312e-04
1.320e-04
1.311e-04
1.317e-04
1.370e-04
1.274e-04
1.332e-04
1.454e-04
1.439e-04
1.289e-04
1.313e-04
1.302e-04
1.306e-04
1.392e-04
1.289e-04
1.297e-04
1.302e-04
1.335e-04
1.316e-04
1.269e-04
1.277e-04
1.268e-04
1.325e-04
1.273e-04
1.280e-04
1.264e-04
1.307e-04
1.286e-04
1.299e-04
1.370e-04
1.292e-04
1.286e-04
1.267e-04
1.315e-04
1.306e-04
1.319e-04
1.393e-04
1.298e-04
1.301e-04
1.309e-04
1.292e-04
1.304e-04
1.328e-04
1.316e-04
1.398e-04
1.425e-04
1.364e-04
1.302e-04
1.338e-04
1.309e-04
1.329e-04
1.328e-04
1.344e-04
1.448e-04
1.328e-04
1.549e-04
1.462e-04
1.353e-04
1.328e-04
1.319e-04
1.322e-04
1.320e-04
1.324e-04
1.312e-04
1.322e-04
1.351e-04
1.342e-04
1.337e-04
1.330e-04
1.321e-04
1.321e-04
1.431e-04
1.285e-04
1.301e-04
1.293e-04
1.305e-04
1.307e-04
1.293e-04
1.340e-04
1.685e-04
1.315e-04
1.342e-04
1.407e-04
1.370e-04
1.394e-04
1.357e-04
1.339e-04
1.326e-04
1.323e-04
1.341e-04
1.315e-04
1.311e-04
1.380e-04
1.332e-04
1.325e-04
1.329e-04
1.370e-04
1.317e-04
1.295e-04
1.300e-04
1.393e-04
1.372e-04
1.372e-04
1.358e-04
1.312e-04
1.360e-04
1.357e-04
1.305e-04
1.351e-04
1.379e-04
1.365e-04
1.353e-04
1.328e-04
1.320e-04
1.501e-04
1.545e-04
1.537e-04
1.515e-04
1.688e-04
1.451e-04
1.468e-04
1.508e-04
1.455e-04
1.566e-04
1.481e-04
1.569e-04
1.476e-04
1.497e-04
1.512e-04
1.447e-04
1.452e-04
1.576e-04
1.622e-04
1.479e-04
1.463e-04
1.530e-04
1.992e-04
1.595e-04
1.528e-04
1.725e-04
2.569e-04
2.097e-04
3.365e-04
3.998e-04
1.552e-04
1.647e-04
1.703e-04
1.681e-04
1.786e-04
1.764e-04
1.622e-04
1.592e-04
1.599e-04
1.642e-04
2.975e-04
1.528e-04
1.593e-04
1.607e-04
1.496e-04
1.541e-04
1.466e-04
1.801e-04
1.458e-04
1.510e-04
1.646e-04
1.661e-04
1.739e-04
1.662e-04
1.587e-04
1.467e-04
1.512e-04
1.525e-04
1.487e-04
1.486e-04
1.534e-04
1.590e-04
1.571e-04
1.534e-04
1.504e-04
1.519e-04
7.508e-04
1.647e-04
1.666e-04
1.713e-04
1.601e-04
1.627e-04
1.518e-04
1.534e-04
1.576e-04
4.520e-04
1.867e-04
1.771e-04
1.573e-04
1.529e-04
1.536e-04
1.502e-04
1.469e-04
1.515e-04
1.484e-04
1.479e-04
1.434e-04
1.426e-04
1.566e-04
1.505e-04
1.519e-04
1.418e-04
1.507e-04
1.538e-04
1.642e-04
1.478e-04
1.465e-04
1.507e-04
1.479e-04
1.472e-04
1.475e-04
1.458e-04
1.629e-04
1.505e-04
1.614e-04
1.500e-04
1.584e-04
1.566e-04
1.483e-04
1.482e-04
1.515e-04
1.482e-04
1.477e-04
1.529e-04
1.470e-04
1.430e-04
1.420e-04
1.424e-04
1.433e-04
1.433e-04
1.440e-04
1.392e-04
1.405e-04
1.365e-04
1.395e-04
1.352e-04
1.481e-04
1.388e-04
1.645e-04
1.617e-04
1.699e-04
1.548e-04
1.549e-04
1.559e-04
1.583e-04
1.571e-04
1.593e-04
1.467e-04
1.546e-04
1.512e-04
1.522e-04
1.528e-04
1.538e-04
1.605e-04
1.562e-04
1.566e-04
1.562e-04
1.682e-04
1.709e-04
1.678e-04
1.683e-04
1.640e-04
1.626e-04
1.763e-04
1.553e-04
1.513e-04
1.575e-04
1.572e-04
1.539e-04
1.520e-04
1.508e-04
1.537e-04
1.570e-04
1.486e-04
1.507e-04
1.716e-04
1.678e-04
1.717e-04
1.657e-04
1.707e-04
1.936e-04
1.775e-04
1.750e-04
1.773e-04
1.750e-04
1.822e-04
1.825e-04
1.740e-04
1.711e-04
1.687e-04
1.683e-04
1.622e-04
2.025e-04
2.738e-04
1.792e-04
1.725e-04
1.693e-04
1.766e-04
1.759e-04
1.740e-04
1.750e-04
1.692e-04
1.801e-04
1.660e-04
1.644e-04
1.690e-04
1.705e-04
1.822e-04
1.825e-04
1.769e-04
1.667e-04
1.639e-04
1.743e-04
1.640e-04
1.606e-04
1.654e-04
1.578e-04
1.600e-04
1.639e-04
1.642e-04
1.533e-04
1.552e-04
1.690e-04
1.540e-04
1.547e-04
1.656e-04
2.329e-04
2.056e-04
1.640e-04
1.704e-04
2.244e-04
2.592e-04
2.346e-04
2.641e-04
1.906e-04
2.044e-04
2.129e-04
5.226e-04
3.434e-04
1.753e-04
1.557e-04
1.549e-04
3.089e-04
1.807e-04
2.085e-04
1.766e-04
1.699e-04
1.710e-04
1.823e-04
1.717e-04
1.827e-04
1.713e-04
1.712e-04
1.596e-04
1.580e-04
1.652e-04
1.614e-04
1.564e-04
1.555e-04
1.626e-04
1.697e-04
1.710e-04
1.741e-04
1.687e-04
1.679e-04
1.660e-04
1.609e-04
1.586e-04
1.621e-04
1.615e-04
1.782e-04
1.881e-04
1.733e-04
1.689e-04
1.677e-04
1.687e-04
1.643e-04
1.511e-04
1.517e-04
4.150e-04
1.501e-04
1.468e-04
1.509e-04
1.650e-04
1.603e-04
1.620e-04
1.611e-04
1.698e-04
1.591e-04
1.773e-04
1.697e-04
1.716e-04
1.749e-04
1.915e-04
1.685e-04
1.586e-04
1.564e-04
1.559e-04
1.633e-04
1.583e-04
1.557e-04
1.578e-04
1.489e-04
1.463e-04
1.494e-04
1.498e-04
1.496e-04
1.434e-04
1.421e-04
1.460e-04
1.449e-04
1.892e-04
1.627e-04
1.586e-04
1.606e-04
1.642e-04
1.602e-04
1.599e-04
1.680e-04
1.732e-04
1.609e-04
1.595e-04
1.651e-04
1.612e-04
1.782e-04
1.783e-04
1.749e-04
1.737e-04
1.736e-04
1.742e-04
1.677e-04
1.712e-04
1.696e-04
1.625e-04
1.605e-04
1.595e-04
3.468e-04
1.998e-04
1.999e-04
1.827e-04
1.795e-04
1.719e-04
1.757e-04
1.711e-04
1.769e-04
1.643e-04
1.629e-04
1.603e-04
1.613e-04
1.530e-04
1.694e-04
1.621e-04
1.658e-04
1.581e-04
1.555e-04
1.583e-04
1.597e-04
1.521e-04
1.593e-04
1.538e-04
1.494e-04
1.478e-04
1.638e-04
1.641e-04
1.765e-04
1.586e-04
1.617e-04
1.618e-04
1.662e-04
1.572e-04
1.566e-04
1.566e-04
1.607e-04
1.550e-04
1.527e-04
1.546e-04
1.497e-04
1.514e-04
1.480e-04
1.461e-04
1.434e-04
1.463e-04
1.470e-04
1.627e-04
1.767e-04
1.723e-04
1.712e-04
1.737e-04
2.910e-04
2.715e-04
1.644e-04
1.702e-04
1.610e-04
1.687e-04
1.620e-04
1.607e-04
1.659e-04
1.637e-04
1.563e-04
1.598e-04
1.618e-04
1.522e-04
1.524e-04
1.576e-04
1.552e-04
1.603e-04
1.767e-04
1.643e-04
1.606e-04
1.731e-04
2.753e-04
2.332e-04
1.910e-04
1.948e-04
1.958e-04
2.126e-04
1.928e-04
2.050e-04
1.889e-04
2.166e-04
2.652e-04
2.600e-04
2.459e-04
2.388e-04
2.312e-04
4.755e-04
2.574e-04
2.071e-04
1.830e-04
1.858e-04
1.907e-04
1.916e-04
1.891e-04
1.824e-04
1.957e-04
1.795e-04
1.795e-04
1.913e-04
1.862e-04
1.947e-04
1.859e-04
1.877e-04
1.700e-04
1.711e-04
1.751e-04
3.141e-04
1.849e-04
1.990e-04
1.888e-04
1.822e-04
1.822e-04
1.809e-04
4.638e-04
1.894e-04
1.900e-04
1.828e-04
1.873e-04
1.953e-04
1.861e-04
1.840e-04
2.014e-04
1.742e-04
1.733e-04
1.797e-04
1.756e-04
1.677e-04
1.673e-04
1.722e-04
1.724e-04
1.683e-04
1.711e-04
1.713e-04
1.630e-04
1.649e-04
1.657e-04
1.613e-04
1.527e-04
1.637e-04
1.557e-04
1.619e-04
1.519e-04
1.579e-04
1.511e-04
1.528e-04
1.646e-04
1.582e-04
1.613e-04
1.560e-04
1.554e-04
1.598e-04
1.780e-04
1.722e-04
1.641e-04
1.656e-04
1.619e-04
1.634e-04
1.859e-04
1.787e-04
1.801e-04
1.868e-04
1.621e-04
1.616e-04
1.667e-04
1.676e-04
1.621e-04
1.604e-04
1.667e-04
1.661e-04
1.660e-04
1.680e-04
1.627e-04
1.646e-04
1.651e-04
1.716e-04
1.655e-04
3.839e-04
1.879e-04
1.739e-04
1.795e-04
2.008e-04
2.068e-04
1.656e-04
1.786e-04
1.834e-04
1.805e-04
1.841e-04
1.781e-04
1.746e-04
1.705e-04
1.632e-04
1.653e-04
1.703e-04
1.650e-04
1.628e-04
1.676e-04
1.638e-04
1.658e-04
1.590e-04
1.613e-04
1.591e-04
1.632e-04
1.580e-04
1.811e-04
1.632e-04
1.591e-04
1.659e-04
1.675e-04
1.637e-04
1.654e-04
1.677e-04
1.601e-04
1.681e-04
1.655e-04
1.587e-04
1.579e-04
1.603e-04
1.677e-04
1.791e-04
3.402e-04
2.069e-04
1.818e-04
1.748e-04
1.653e-04
1.559e-04
1.604e-04
1.568e-04
1.630e-04
1.566e-04
1.567e-04
1.604e-04
1.543e-04
1.506e-04
1.492e-04
1.590e-04
1.545e-04
1.558e-04
1.500e-04
1.512e-04
1.527e-04
1.523e-04
1.540e-04
1.608e-04
1.532e-04
1.591e-04
1.612e-04
1.596e-04
1.625e-04
1.664e-04
1.596e-04
1.669e-04
1.833e-04
1.693e-04
1.692e-04
2.205e-04
2.108e-04
1.716e-04
1.709e-04
1.723e-04
1.809e-04
1.687e-04
1.753e-04
1.696e-04
1.709e-04
1.636e-04
1.705e-04
4.113e-04
1.815e-04
1.738e-04
1.695e-04
1.838e-04
1.796e-04
1.939e-04
1.846e-04
1.791e-04
1.997e-04
1.829e-04
1.859e-04
1.878e-04
1.792e-04
1.754e-04
1.755e-04
1.683e-04
4.054e-04
2.105e-04
1.740e-04
1.749e-04
2.100e-04
1.900e-04
1.900e-04
1.904e-04
1.969e-04
1.832e-04
1.844e-04
1.900e-04
1.756e-04
1.943e-04
1.844e-04
1.827e-04
1.944e-04
1.878e-04
1.866e-04
1.862e-04
1.881e-04
1.827e-04
1.886e-04
1.756e-04
1.796e-04
1.799e-04
1.764e-04
1.875e-04
1.971e-04
1.947e-04
1.982e-04
1.918e-04
1.935e-04
1.945e-04
1.920e-04
1.923e-04
1.813e-04
1.849e-04
1.822e-04
1.896e-04
1.771e-04
1.738e-04
1.739e-04
5.026e-04
1.837e-04
1.639e-04
1.698e-04
1.753e-04
1.697e-04
1.737e-04
1.707e-04
1.717e-04
1.831e-04
1.820e-04
1.813e-04
1.792e-04
1.772e-04
1.760e-04
1.735e-04
1.697e-04
1.705e-04
1.684e-04
1.702e-04
1.724e-04
1.676e-04
1.609e-04
1.585e-04
1.736e-04
1.693e-04
1.707e-04
1.614e-04
1.656e-04
1.684e-04
1.622e-04
1.627e-04
1.706e-04
1.606e-04
1.641e-04
1.622e-04
1.681e-04
1.659e-04
1.678e-04
1.653e-04
1.648e-04
1.666e-04
1.587e-04
1.600e-04
1.674e-04
1.556e-04
1.560e-04
1.614e-04
1.599e-04
1.601e-04
1.582e-04
1.553e-04
1.604e-04
1.548e-04
1.522e-04
1.587e-04
1.583e-04
1.584e-04
1.546e-04
1.695e-04
1.649e-04
1.775e-04
1.720e-04
1.697e-04
1.686e-04
1.734e-04
1.712e-04
1.725e-04
1.687e-04
1.682e-04
1.694e-04
1.677e-04
1.722e-04
1.723e-04
1.730e-04
1.655e-04
1.628e-04
1.650e-04
1.597e-04
1.595e-04
1.615e-04
1.595e-04
1.566e-04
1.565e-04
1.617e-04
1.654e-04
1.652e-04
1.590e-04
1.618e-04
1.586e-04
1.581e-04
1.655e-04
1.702e-04
1.743e-04
1.615e-04
1.606e-04
1.614e-04
1.671e-04
1.592e-04
1.566e-04
1.617e-04
1.532e-04
1.529e-04
1.546e-04
1.589e-04
1.720e-04
1.763e-04
1.763e-04
2.978e-04
2.016e-04
1.831e-04
1.770e-04
1.777e-04
1.776e-04
1.866e-04
1.789e-04
1.816e-04
1.753e-04
4.374e-04
1.932e-04
1.824e-04
1.935e-04
1.929e-04
1.901e-04
1.880e-04
1.923e-04
1.984e-04
1.911e-04
1.907e-04
1.868e-04
1.884e-04
2.019e-04
1.910e-04
1.972e-04
1.738e-04
1.768e-04
1.734e-04
1.716e-04
1.766e-04
1.818e-04
1.801e-04
1.871e-04
1.762e-04
1.696e-04
1.731e-04
1.693e-04
1.643e-04
1.708e-04
1.631e-04
1.660e-04
1.738e-04
1.810e-04
1.658e-04
1.799e-04
1.850e-04
1.692e-04
1.753e-04
1.803e-04
1.795e-04
1.825e-04
1.848e-04
1.624e-04
1.620e-04
1.674e-04
1.593e-04
1.579e-04
1.641e-04
1.583e-04
1.581e-04
1.610e-04
1.590e-04
1.602e-04
1.635e-04
1.585e-04
1.573e-04
1.774e-04
1.701e-04
1.676e-04
1.703e-04
2.069e-04
3.565e-04
1.742e-04
1.934e-04
1.857e-04
1.875e-04
1.898e-04
2.012e-04
1.710e-04
1.713e-04
1.752e-04
1.705e-04
1.655e-04
1.639e-04
1.767e-04
1.728e-04
1.684e-04
1.703e-04
1.679e-04
1.638e-04
1.691e-04
1.709e-04
1.654e-04
1.749e-04
1.833e-04
1.806e-04
1.881e-04
1.874e-04
1.833e-04
1.894e-04
1.843e-04
1.898e-04
1.835e-04
1.871e-04
1.772e-04
1.751e-04
1.781e-04
1.763e-04
1.699e-04
1.718e-04
2.045e-04
2.254e-04
2.062e-04
2.057e-04
1.928e-04
1.947e-04
1.885e-04
1.770e-04
1.779e-04
1.769e-04
1.783e-04
1.757e-04
1.778e-04
1.713e-04
1.686e-04
1.749e-04
1.692e-04
1.667e-04
1.952e-04
1.886e-04
1.886e-04
1.947e-04
1.935e-04
1.837e-04
1.924e-04
1.838e-04
1.767e-04
1.921e-04
1.788e-04
1.638e-04
1.622e-04
1.658e-04
1.603e-04
1.586e-04
1.637e-04
1.604e-04
1.604e-04
1.591e-04
1.538e-04
1.545e-04
1.768e-04
1.717e-04
1.726e-04
1.720e-04
1.611e-04
1.627e-04
1.807e-04
1.793e-04
1.961e-04
1.781e-04
1.726e-04
1.780e-04
1.803e-04
1.755e-04
1.718e-04
1.699e-04
1.679e-04
1.689e-04
1.731e-04
1.687e-04
1.682e-04
1.697e-04
1.662e-04
1.558e-04
1.611e-04
1.633e-04
1.584e-04
1.618e-04
1.670e-04
1.587e-04
1.673e-04
1.763e-04
2.354e-04
1.902e-04
1.803e-04
1.761e-04
1.677e-04
1.694e-04
1.865e-04
2.622e-04
3.296e-04
1.922e-04
1.936e-04
2.036e-04
1.817e-04
1.836e-04
1.881e-04
1.739e-04
1.752e-04
2.930e-04
1.919e-04
1.965e-04
1.964e-04
1.966e-04
1.979e-04
1.781e-04
1.758e-04
1.741e-04
1.799e-04
1.672e-04
1.693e-04
1.835e-04
1.756e-04
1.774e-04
1.768e-04
1.839e-04
1.686e-04
1.743e-04
1.700e-04
1.692e-04
1.716e-04
1.701e-04
1.645e-04
1.772e-04
1.683e-04
1.841e-04
1.831e-04
1.690e-04
1.667e-04
2.939e-04
1.742e-04
1.720e-04
1.676e-04
1.774e-04
1.734e-04
1.729e-04
1.740e-04
1.717e-04
1.799e-04
1.781e-04
1.712e-04
1.758e-04
1.722e-04
1.745e-04
2.174e-04
1.788e-04
1.712e-04
1.815e-04
1.878e-04
1.804e-04
1.776e-04
1.789e-04
1.703e-04
1.848e-04
1.654e-04
1.669e-04
1.696e-04
1.714e-04
1.791e-04
1.584e-04
1.671e-04
1.708e-04
1.900e-04
1.895e-04
1.868e-04
4.288e-04
1.855e-04
1.843e-04
1.865e-04
1.879e-04
1.867e-04
1.796e-04
1.921e-04
1.722e-04
1.715e-04
1.746e-04
1.704e-04
1.733e-04
1.675e-04
1.586e-04
1.591e-04
1.637e-04
1.618e-04
1.614e-04
1.766e-04
1.628e-04
1.713e-04
1.690e-04
1.678e-04
1.771e-04
1.783e-04
1.752e-04
1.728e-04
1.841e-04
1.792e-04
1.802e-04
1.741e-04
1.695e-04
1.690e-04
1.778e-04
1.765e-04
1.749e-04
1.905e-04
1.704e-04
1.723e-04
1.828e-04
1.809e-04
1.782e-04
1.878e-04
1.727e-04
1.796e-04
1.780e-04
1.747e-04
1.871e-04
2.006e-04
1.813e-04
1.798e-04
1.875e-04
2.043e-04
1.912e-04
1.920e-04
1.908e-04
1.886e-04
1.885e-04
1.816e-04
1.712e-04
1.714e-04
1.720e-04
1.882e-04
1.998e-04
1.940e-04
1.909e-04
2.028e-04
1.995e-04
1.997e-04
1.968e-04
1.774e-04
1.823e-04
1.820e-04
1.906e-04
1.870e-04
1.914e-04
1.853e-04
1.840e-04
1.901e-04
1.975e-04
1.994e-04
2.078e-04
1.930e-04
1.922e-04
2.045e-04
1.926e-04
1.918e-04
1.947e-04
2.030e-04
1.911e-04
1.933e-04
2.140e-04
2.195e-04
2.101e-04
2.021e-04
1.984e-04
1.949e-04
1.878e-04
4.358e-04
1.941e-04
1.945e-04
1.836e-04
1.847e-04
1.786e-04
1.782e-04
1.832e-04
1.707e-04
1.632e-04
1.630e-04
1.624e-04
1.709e-04
1.651e-04
1.656e-04
1.703e-04
1.717e-04
1.654e-04
1.665e-04
1.725e-04
1.593e-04
1.602e-04
1.598e-04
1.704e-04
1.728e-04
1.719e-04
1.707e-04
1.629e-04
1.588e-04
1.715e-04
1.641e-04
1.729e-04
1.607e-04
1.570e-04
1.629e-04
1.675e-04
1.671e-04
1.712e-04
1.748e-04
1.597e-04
1.608e-04
1.624e-04
1.666e-04
1.677e-04
1.671e-04
1.592e-04
1.609e-04
1.626e-04
1.576e-04
1.600e-04
1.616e-04
3.287e-04
1.960e-04
1.689e-04
1.686e-04
1.691e-04
1.675e-04
1.770e-04
1.732e-04
1.697e-04
1.629e-04
1.570e-04
1.609e-04
1.556e-04
1.607e-04
1.571e-04
1.656e-04
1.625e-04
1.600e-04
1.737e-04
1.668e-04
1.691e-04
1.611e-04
1.694e-04
1.591e-04
1.579e-04
1.601e-04
1.591e-04
1.581e-04
1.589e-04
1.593e-04
1.588e-04
1.630e-04
1.598e-04
1.734e-04
1.703e-04
1.721e-04
1.637e-04
1.654e-04
1.599e-04
1.543e-04
1.568e-04
1.562e-04
1.583e-04
1.570e-04
1.566e-04
1.563e-04
1.561e-04
1.640e-04
1.640e-04
1.630e-04
1.640e-04
1.670e-04
1.575e-04
1.533e-04
1.527e-04
1.573e-04
1.575e-04
1.595e-04
1.602e-04
1.623e-04
1.611e-04
1.577e-04
1.615e-04
1.544e-04
1.775e-04
1.714e-04
1.743e-04
1.749e-04
1.684e-04
1.686e-04
1.678e-04
1.659e-04
1.598e-04
1.696e-04
1.777e-04
1.684e-04
1.699e-04
1.613e-04
1.610e-04
1.598e-04
1.753e-04
1.666e-04
1.649e-04
1.622e-04
1.674e-04
1.560e-04
1.590e-04
1.591e-04
1.625e-04
1.614e-04
1.710e-04
1.681e-04
1.713e-04
1.738e-04
1.575e-04
1.712e-04
1.681e-04
1.802e-04
1.751e-04
1.751e-04
1.610e-04
1.635e-04
1.613e-04
1.588e-04
1.610e-04
1.603e-04
1.595e-04
1.615e-04
1.664e-04
1.603e-04
1.614e-04
1.620e-04
1.600e-04
1.608e-04
1.621e-04
1.614e-04
1.647e-04
1.673e-04
1.673e-04
1.627e-04
1.798e-04
1.707e-04
1.724e-04
1.633e-04
1.602e-04
1.633e-04
1.624e-04
1.637e-04
1.566e-04
1.569e-04
1.553e-04
1.754e-04
1.810e-04
1.881e-04
2.455e-04
1.910e-04
1.837e-04
1.802e-04
1.754e-04
1.820e-04
4.010e-04
2.085e-04
1.870e-04
1.903e-04
1.929e-04
1.872e-04
1.865e-04
1.689e-04
1.731e-04
1.755e-04
1.632e-04
1.641e-04
1.666e-04
1.607e-04
1.605e-04
1.893e-04
1.858e-04
1.826e-04
1.767e-04
1.917e-04
1.798e-04
1.875e-04
1.906e-04
1.898e-04
1.769e-04
1.770e-04
1.729e-04
1.688e-04
1.722e-04
1.799e-04
1.806e-04
1.870e-04
1.781e-04
1.713e-04
1.787e-04
1.686e-04
1.607e-04
1.670e-04
1.628e-04
1.664e-04
1.614e-04
1.858e-04
1.775e-04
1.823e-04
1.785e-04
1.802e-04
1.758e-04
1.768e-04
1.819e-04
1.766e-04
1.786e-04
1.766e-04
1.729e-04
1.843e-04
1.800e-04
1.811e-04
1.799e-04
1.730e-04
1.666e-04
1.687e-04
1.654e-04
1.604e-04
1.629e-04
1.663e-04
1.641e-04
1.623e-04
4.081e-04
1.985e-04
1.954e-04
1.941e-04
1.957e-04
1.967e-04
2.079e-04
1.908e-04
1.929e-04
1.930e-04
1.978e-04
1.915e-04
1.901e-04
1.946e-04
1.995e-04
1.975e-04
1.969e-04
1.970e-04
1.949e-04
1.844e-04
1.770e-04
1.746e-04
1.682e-04
1.691e-04
1.602e-04
1.613e-04
1.655e-04
1.521e-04
1.510e-04
1.787e-04
1.589e-04
1.607e-04
1.712e-04
1.650e-04
1.694e-04
1.746e-04
1.822e-04
1.681e-04
1.692e-04
1.740e-04
1.716e-04
1.616e-04
1.655e-04
1.659e-04
1.791e-04
1.929e-04
1.953e-04
2.066e-04
1.786e-04
1.825e-04
1.764e-04
1.816e-04
1.678e-04
1.683e-04
1.726e-04
1.700e-04
1.581e-04
1.708e-04
1.646e-04
1.611e-04
1.646e-04
1.779e-04
1.667e-04
1.811e-04
1.752e-04
2.067e-04
1.859e-04
1.872e-04
1.918e-04
1.885e-04
1.878e-04
1.936e-04
1.817e-04
1.840e-04
1.861e-04
1.761e-04
1.753e-04
1.773e-04
1.769e-04
1.780e-04
1.799e-04
1.806e-04
1.736e-04
1.705e-04
1.699e-04
1.702e-04
1.757e-04
1.816e-04
1.739e-04
1.762e-04
1.774e-04
1.858e-04
1.957e-04
1.860e-04
1.911e-04
1.911e-04
1.943e-04
1.897e-04
1.953e-04
1.894e-04
1.926e-04
1.822e-04
1.922e-04
1.809e-04
1.805e-04
1.794e-04
1.782e-04
1.929e-04
1.899e-04
1.932e-04
1.901e-04
1.854e-04
1.802e-04
1.748e-04
2.087e-04
3.756e-04
1.724e-04
1.743e-04
1.772e-04
1.738e-04
1.589e-04
1.628e-04
1.740e-04
1.607e-04
1.617e-04
1.596e-04
1.624e-04
1.651e-04
1.630e-04
1.557e-04
1.668e-04
1.606e-04
1.553e-04
1.621e-04
1.594e-04
1.750e-04
1.631e-04
1.612e-04
1.652e-04
1.658e-04
1.623e-04
1.667e-04
1.647e-04
1.694e-04
1.713e-04
1.695e-04
1.711e-04
1.736e-04
1.690e-04
1.706e-04
1.728e-04
1.725e-04
1.924e-04
1.807e-04
1.797e-04
1.679e-04
1.679e-04
1.615e-04
1.729e-04
1.644e-04
1.618e-04
1.827e-04
1.895e-04
1.770e-04
1.891e-04
1.844e-04
1.764e-04
1.755e-04
1.937e-04
1.796e-04
1.835e-04
1.860e-04
1.871e-04
1.798e-04
3.856e-04
1.934e-04
1.896e-04
1.851e-04
1.794e-04
1.742e-04
1.816e-04
1.869e-04
1.899e-04
1.914e-04
1.914e-04
1.939e-04
2.089e-04
1.899e-04
1.787e-04
1.809e-04
1.840e-04
1.880e-04
1.926e-04
1.925e-04
1.835e-04
1.842e-04
1.811e-04
1.814e-04
1.857e-04
1.809e-04
1.937e-04
1.888e-04
1.887e-04
1.746e-04
1.804e-04
1.717e-04
1.666e-04
1.668e-04
1.674e-04
1.926e-04
1.717e-04
1.696e-04
1.763e-04
1.718e-04
1.710e-04
1.813e-04
1.655e-04
1.873e-04
1.787e-04
1.680e-04
1.841e-04
1.803e-04
1.772e-04
1.780e-04
1.768e-04
1.744e-04
1.739e-04
1.697e-04
1.750e-04
1.741e-04
1.708e-04
1.694e-04
1.716e-04
1.659e-04
1.657e-04
1.698e-04
1.743e-04
1.726e-04
1.816e-04
1.764e-04
1.711e-04
1.740e-04
1.694e-04
1.652e-04
1.641e-04
1.814e-04
1.801e-04
1.730e-04
1.746e-04
1.773e-04
1.717e-04
1.708e-04
1.790e-04
1.717e-04
1.682e-04
1.791e-04
1.723e-04
1.719e-04
1.752e-04
1.669e-04
1.712e-04
1.718e-04
1.617e-04
1.683e-04
1.707e-04
1.678e-04
1.704e-04
1.758e-04
1.731e-04
1.850e-04
2.043e-04
2.529e-04
2.109e-04
2.008e-04
1.943e-04
1.778e-04
1.761e-04
1.917e-04
1.890e-04
1.842e-04
1.950e-04
1.832e-04
1.925e-04
1.970e-04
1.862e-04
1.895e-04
1.865e-04
1.789e-04
1.775e-04
1.957e-04
1.872e-04
2.664e-04
2.200e-04
1.886e-04
2.512e-04
2.929e-04
2.844e-04
2.661e-04
2.636e-04
5.265e-04
2.827e-04
2.246e-04
2.011e-04
2.076e-04
3.786e-04
2.116e-04
2.085e-04
2.001e-04
2.092e-04
2.032e-04
2.043e-04
2.106e-04
1.870e-04
1.842e-04
1.955e-04
2.065e-04
2.090e-04
2.114e-04
1.989e-04
2.022e-04
2.093e-04
2.040e-04
2.080e-04
1.899e-04
1.886e-04
1.854e-04
1.811e-04
1.973e-04
1.915e-04
1.847e-04
1.933e-04
1.959e-04
1.875e-04
1.870e-04
1.909e-04
1.797e-04
1.930e-04
1.853e-04
1.837e-04
1.901e-04
1.746e-04
1.737e-04
1.864e-04
1.840e-04
1.777e-04
1.796e-04
1.793e-04
1.826e-04
1.925e-04
1.841e-04
1.796e-04
1.838e-04
1.779e-04
1.729e-04
1.735e-04
1.695e-04
1.796e-04
1.763e-04
4.257e-04
2.027e-04
1.946e-04
1.956e-04
1.914e-04
1.838e-04
1.865e-04
1.920e-04
1.750e-04
1.898e-04
1.766e-04
1.737e-04
1.825e-04
1.701e-04
1.691e-04
1.960e-04
2.039e-04
2.061e-04
1.963e-04
1.925e-04
1.903e-04
1.943e-04
1.917e-04
1.959e-04
4.678e-04
1.964e-04
2.068e-04
2.383e-04
2.262e-04
2.194e-04
2.288e-04
2.135e-04
2.147e-04
2.128e-04
1.989e-04
1.960e-04
1.949e-04
1.926e-04
1.949e-04
1.872e-04
2.025e-04
2.117e-04
2.142e-04
2.139e-04
2.216e-04
2.159e-04
2.201e-04
2.056e-04
2.199e-04
2.194e-04
2.117e-04
2.124e-04
2.052e-04
2.140e-04
2.151e-04
2.129e-04
4.497e-04
2.104e-04
2.100e-04
1.932e-04
1.990e-04
1.954e-04
2.042e-04
1.973e-04
1.952e-04
2.013e-04
1.904e-04
1.943e-04
1.872e-04
1.836e-04
1.867e-04
1.999e-04
1.944e-04
1.942e-04
2.016e-04
1.918e-04
2.023e-04
3.125e-04
1.747e-04
1.873e-04
1.802e-04
1.839e-04
1.877e-04
1.863e-04
1.866e-04
1.947e-04
1.862e-04
1.944e-04
2.090e-04
2.145e-04
2.055e-04
2.902e-04
2.615e-04
5.550e-04
2.083e-04
1.919e-04
1.919e-04
1.909e-04
1.959e-04
1.957e-04
1.963e-04
1.911e-04
1.848e-04
1.836e-04
1.972e-04
2.230e-04
2.009e-04
1.979e-04
1.852e-04
1.837e-04
1.850e-04
1.891e-04
1.890e-04
1.791e-04
2.075e-04
2.069e-04
2.032e-04
2.017e-04
2.045e-04
2.015e-04
1.846e-04
1.866e-04
1.961e-04
2.319e-04
1.973e-04
1.938e-04
1.874e-04
1.869e-04
1.871e-04
1.988e-04
1.816e-04
2.000e-04
2.059e-04
2.026e-04
2.057e-04
1.885e-04
1.863e-04
1.945e-04
1.904e-04
1.921e-04
1.874e-04
1.867e-04
1.838e-04
1.822e-04
1.790e-04
1.816e-04
1.995e-04
1.911e-04
1.912e-04
1.890e-04
1.796e-04
1.857e-04
1.875e-04
1.809e-04
1.947e-04
1.879e-04
1.959e-04
1.819e-04
1.824e-04
1.886e-04
1.828e-04
1.825e-04
1.856e-04
1.816e-04
1.907e-04
1.907e-04
1.859e-04
1.876e-04
1.822e-04
1.808e-04
2.134e-04
2.116e-04
2.081e-04
5.201e-04
2.070e-04
1.920e-04
1.980e-04
1.914e-04
1.928e-04
1.952e-04
1.915e-04
1.828e-04
1.835e-04
1.862e-04
1.835e-04
1.884e-04
2.124e-04
1.751e-04
1.910e-04
1.989e-04
2.034e-04
2.138e-04
2.027e-04
1.961e-04
2.009e-04
1.935e-04
1.968e-04
1.986e-04
1.900e-04
1.912e-04
1.905e-04
1.866e-04
1.923e-04
1.858e-04
1.826e-04
1.852e-04
1.806e-04
1.862e-04
1.836e-04
1.843e-04
2.033e-04
1.932e-04
2.004e-04
1.985e-04
1.927e-04
1.949e-04
1.963e-04
1.865e-04
1.908e-04
2.031e-04
1.943e-04
1.969e-04
1.995e-04
1.979e-04
1.987e-04
1.960e-04
2.001e-04
1.996e-04
1.999e-04
2.108e-04
1.968e-04
1.932e-04
1.866e-04
1.795e-04
1.799e-04
2.048e-04
1.912e-04
1.990e-04
1.901e-04
1.910e-04
1.952e-04
1.935e-04
1.928e-04
1.952e-04
2.217e-04
2.236e-04
2.430e-04
2.224e-04
2.819e-04
2.380e-04
2.220e-04
3.056e-04
3.301e-04
3.214e-04
2.784e-04
4.229e-04
2.774e-04
2.018e-04
2.068e-04
2.226e-04
2.256e-04
2.218e-04
2.342e-04
2.295e-04
2.302e-04
2.534e-04
2.434e-04
2.353e-04
2.261e-04
1.977e-04
2.034e-04
1.962e-04
1.943e-04
2.110e-04
2.256e-04
2.148e-04
2.239e-04
2.051e-04
2.060e-04
1.932e-04
1.945e-04
1.981e-04
1.931e-04
1.859e-04
1.975e-04
2.011e-04
1.999e-04
2.054e-04
1.946e-04
1.929e-04
1.892e-04
2.107e-04
1.977e-04
1.944e-04
1.895e-04
1.921e-04
1.889e-04
1.961e-04
1.955e-04
1.977e-04
1.934e-04
1.898e-04
1.892e-04
1.873e-04
4.275e-04
2.148e-04
1.999e-04
1.800e-04
1.792e-04
1.875e-04
1.847e-04
1.920e-04
1.806e-04
1.833e-04
1.847e-04
1.818e-04
1.834e-04
1.833e-04
1.807e-04
1.873e-04
1.828e-04
1.899e-04
1.952e-04
1.893e-04
2.056e-04
1.940e-04
1.969e-04
1.982e-04
1.914e-04
1.984e-04
1.939e-04
2.021e-04
1.872e-04
2.254e-04
2.046e-04
2.691e-04
2.913e-04
2.331e-04
1.948e-04
1.897e-04
2.012e-04
2.035e-04
2.034e-04
2.034e-04
2.193e-04
1.952e-04
2.103e-04
2.130e-04
2.158e-04
2.197e-04
2.104e-04
2.030e-04
2.037e-04
2.086e-04
2.026e-04
2.004e-04
1.949e-04
1.914e-04
1.932e-04
1.910e-04
2.072e-04
1.962e-04
2.038e-04
1.988e-04
2.000e-04
2.039e-04
2.009e-04
1.987e-04
2.315e-04
2.131e-04
2.166e-04
2.091e-04
2.109e-04
2.129e-04
2.101e-04
2.096e-04
2.029e-04
2.036e-04
1.983e-04
2.054e-04
2.174e-04
2.075e-04
2.016e-04
2.104e-04
2.054e-04
1.992e-04
2.094e-04
2.009e-04
2.007e-04
2.061e-04
2.014e-04
1.995e-04
1.993e-04
2.019e-04
2.091e-04
1.941e-04
2.258e-04
2.053e-04
2.082e-04
2.180e-04
2.127e-04
2.223e-04
2.173e-04
2.028e-04
2.111e-04
2.019e-04
1.993e-04
1.928e-04
1.989e-04
2.164e-04
2.159e-04
2.209e-04
2.139e-04
2.269e-04
3.045e-04
2.911e-04
2.998e-04
2.746e-04
2.862e-04
4.874e-04
2.945e-04
2.292e-04
2.294e-04
2.188e-04
2.301e-04
2.144e-04
4.700e-04
2.326e-04
2.196e-04
2.259e-04
2.256e-04
2.307e-04
2.208e-04
2.101e-04
2.119e-04
2.084e-04
2.066e-04
2.128e-04
2.272e-04
2.178e-04
2.390e-04
2.387e-04
2.114e-04
2.112e-04
2.112e-04
2.078e-04
2.194e-04
2.294e-04
2.304e-04
5.114e-04
2.300e-04
2.301e-04
2.142e-04
2.121e-04
3.364e-04
2.222e-04
2.278e-04
2.169e-04
2.181e-04
2.319e-04
2.330e-04
2.609e-04
2.212e-04
2.137e-04
2.286e-04
2.083e-04
2.114e-04
2.152e-04
2.314e-04
2.266e-04
2.223e-04
2.238e-04
2.098e-04
2.093e-04
2.081e-04
2.096e-04
2.056e-04
2.065e-04
2.049e-04
2.008e-04
2.058e-04
2.021e-04
2.054e-04
2.123e-04
2.155e-04
2.408e-04
5.448e-04
2.292e-04
2.611e-04
2.073e-04
2.145e-04
2.230e-04
2.226e-04
2.015e-04
2.003e-04
1.991e-04
4.310e-04
1.921e-04
1.961e-04
2.159e-04
1.979e-04
2.049e-04
1.970e-04
1.888e-04
1.994e-04
1.898e-04
1.953e-04
3.221e-04
2.136e-04
2.096e-04
2.062e-04
2.001e-04
2.255e-04
2.085e-04
1.942e-04
1.914e-04
1.968e-04
2.024e-04
4.631e-04
2.011e-04
1.896e-04
1.889e-04
1.914e-04
1.998e-04
1.955e-04
1.976e-04
2.001e-04
2.000e-04
2.010e-04
1.967e-04
3.734e-04
1.949e-04
1.915e-04
1.964e-04
1.993e-04
2.086e-04
2.065e-04
1.916e-04
2.002e-04
1.937e-04
1.950e-04
2.000e-04
1.958e-04
1.960e-04
1.946e-04
1.890e-04
1.947e-04
2.045e-04
2.226e-04
2.409e-04
2.034e-04
2.365e-04
3.091e-04
3.023e-04
2.956e-04
2.507e-04
3.566e-04
4.021e-04
2.141e-04
1.926e-04
2.298e-04
2.139e-04
2.188e-04
2.278e-04
2.152e-04
2.198e-04
2.155e-04
2.228e-04
2.205e-04
2.100e-04
2.020e-04
1.964e-04
1.973e-04
1.999e-04
1.907e-04
1.935e-04
2.029e-04
1.861e-04
1.859e-04
1.825e-04
1.851e-04
1.893e-04
1.852e-04
1.864e-04
1.804e-04
1.852e-04
2.146e-04
1.970e-04
2.092e-04
4.303e-04
2.122e-04
2.100e-04
2.083e-04
2.003e-04
2.035e-04
2.012e-04
1.974e-04
1.943e-04
1.960e-04
2.006e-04
1.967e-04
1.942e-04
2.076e-04
1.976e-04
1.971e-04
1.916e-04
1.899e-04
2.198e-04
2.140e-04
2.034e-04
2.023e-04
1.964e-04
2.119e-04
2.004e-04
2.163e-04
2.137e-04
2.105e-04
2.136e-04
2.014e-04
2.033e-04
2.228e-04
2.143e-04
2.058e-04
2.361e-04
2.248e-04
2.300e-04
2.276e-04
2.295e-04
2.271e-04
2.204e-04
2.272e-04
2.133e-04
2.142e-04
2.444e-04
5.605e-04
2.256e-04
2.186e-04
2.417e-04
2.199e-04
2.323e-04
2.490e-04
2.417e-04
2.454e-04
2.129e-04
2.186e-04
2.155e-04
2.363e-04
2.268e-04
3.859e-04
2.283e-04
2.102e-04
2.153e-04
2.027e-04
2.026e-04
2.108e-04
2.042e-04
2.034e-04
2.127e-04
2.028e-04
5.234e-04
2.301e-04
2.092e-04
2.175e-04
2.021e-04
2.064e-04
2.122e-04
1.931e-04
2.032e-04
1.910e-04
1.928e-04
2.112e-04
2.077e-04
2.137e-04
2.077e-04
1.977e-04
2.090e-04
1.967e-04
2.020e-04
2.054e-04
1.949e-04
2.080e-04
1.954e-04
2.044e-04
1.958e-04
1.927e-04
1.940e-04
1.911e-04
1.907e-04
1.954e-04
1.832e-04
1.837e-04
1.931e-04
1.835e-04
1.950e-04
1.752e-04
1.765e-04
1.966e-04
2.094e-04
2.148e-04
2.744e-04
2.451e-04
2.306e-04
2.218e-04
2.451e-04
4.067e-04
2.775e-04
2.135e-04
2.036e-04
2.130e-04
2.165e-04
2.240e-04
2.126e-04
2.063e-04
2.095e-04
2.011e-04
1.925e-04
1.952e-04
2.007e-04
1.949e-04
2.028e-04
1.961e-04
2.025e-04
1.904e-04
1.909e-04
2.040e-04
1.966e-04
2.011e-04
1.993e-04
1.849e-04
1.924e-04
2.090e-04
2.063e-04
1.967e-04
1.995e-04
1.943e-04
1.999e-04
1.989e-04
2.088e-04
2.031e-04
2.057e-04
2.018e-04
2.002e-04
1.969e-04
1.923e-04
1.898e-04
1.895e-04
1.874e-04
1.918e-04
1.864e-04
1.874e-04
2.074e-04
1.993e-04
2.004e-04
3.728e-04
2.358e-04
2.105e-04
2.130e-04
2.230e-04
2.229e-04
2.199e-04
2.110e-04
1.999e-04
1.994e-04
1.952e-04
1.975e-04
1.915e-04
1.896e-04
1.879e-04
1.886e-04
1.854e-04
1.832e-04
1.870e-04
2.006e-04
1.829e-04
2.070e-04
2.039e-04
2.043e-04
2.011e-04
1.935e-04
1.957e-04
1.935e-04
1.899e-04
1.887e-04
2.015e-04
1.915e-04
1.900e-04
1.970e-04
1.924e-04
1.926e-04
1.892e-04
1.876e-04
1.899e-04
2.047e-04
1.905e-04
1.962e-04
1.930e-04
2.057e-04
2.088e-04
2.088e-04
2.080e-04
2.035e-04
2.012e-04
2.007e-04
2.020e-04
2.025e-04
2.214e-04
1.922e-04
2.042e-04
2.148e-04
2.089e-04
2.251e-04
2.050e-04
1.972e-04
2.073e-04
2.146e-04
2.196e-04
2.245e-04
2.216e-04