6.890e-07
4.520e-07
4.000e-07
4.010e-07
4.840e-07
4.270e-07
5.260e-07
4.330e-07
6.010e-07
6.020e-07
5.180e-07
4.380e-07
4.250e-07
3.780e-07
3.750e-07
5.230e-07
6.030e-07
4.520e-07
4.700e-07
5.640e-07
6.050e-07
5.430e-07
5.210e-07
5.670e-07
7.960e-07
7.390e-07
7.380e-07
6.700e-07
8.070e-07
2.366e-06
4.575e-06
4.054e-06
4.016e-06
4.617e-06
5.142e-06
5.036e-06
5.157e-06
5.148e-06
5.160e-06
5.181e-06
6.047e-06
6.241e-06
5.718e-06
5.421e-06
5.831e-06
5.672e-06
8.304e-06
5.693e-06
5.382e-06
5.355e-06
5.445e-06
5.638e-06
5.700e-06
5.753e-06
5.876e-06
5.790e-06
6.041e-06
6.080e-06
6.183e-06
6.133e-06
5.972e-06
6.282e-06
6.336e-06
6.564e-06
6.202e-06
6.819e-06
6.337e-06
8.879e-06
8.365e-06
6.753e-06
6.587e-06
6.605e-06
8.480e-06
9.282e-06
8.561e-06
7.114e-06
6.820e-06
6.977e-06
6.941e-06
6.790e-06
7.165e-06
7.329e-06
7.475e-06
7.092e-06
7.284e-06
7.391e-06
7.430e-06
7.264e-06
7.524e-06
7.151e-06
7.646e-06
7.574e-06
7.839e-06
7.542e-06
7.639e-06
7.657e-06
7.939e-06
1.125e-05
1.333e-05
1.113e-05
1.128e-05
1.132e-05
2.201e-05
1.192e-05
1.153e-05
1.161e-05
1.147e-05
1.105e-05
2.264e-05
1.319e-05
1.416e-05
1.270e-05
1.209e-05
1.462e-05
1.201e-05
1.251e-05
1.206e-05
1.344e-05
1.232e-05
1.213e-05
1.344e-05
1.252e-05
1.240e-05
1.246e-05
1.238e-05
1.237e-05
1.328e-05
1.276e-05
1.302e-05
1.323e-05
1.719e-05
1.333e-05
1.377e-05
1.346e-05
1.330e-05
1.385e-05
1.482e-05
1.388e-05
1.416e-05
1.395e-05
1.477e-05
1.605e-05
1.614e-05
1.456e-05
1.683e-05
1.439e-05
1.692e-05
1.447e-05
1.687e-05
1.481e-05
1.508e-05
1.529e-05
1.479e-05
1.488e-05
1.534e-05
1.581e-05
1.523e-05
1.940e-05
1.833e-05
2.446e-05
2.165e-05
2.496e-05
2.248e-05
2.367e-05
2.626e-05
2.435e-05
2.518e-05
2.369e-05
2.543e-05
2.380e-05
2.440e-05
2.518e-05
2.519e-05
2.484e-05
2.477e-05
2.659e-05
2.481e-05
2.635e-05
2.559e-05
2.576e-05
2.622e-05
2.540e-05
2.608e-05
2.459e-05
2.400e-05
2.583e-05
2.697e-05
2.503e-05
2.433e-05
2.638e-05
2.530e-05
2.667e-05
2.673e-05
2.733e-05
2.682e-05
2.691e-05
2.751e-05
2.701e-05
2.719e-05
2.759e-05
2.772e-05
2.753e-05
2.772e-05
2.797e-05
2.783e-05
2.806e-05
2.806e-05
2.835e-05
2.858e-05
2.848e-05
2.873e-05
2.882e-05
2.921e-05
2.972e-05
3.517e-05
3.250e-05
3.012e-05
3.370e-05
3.057e-05
3.019e-05
3.001e-05
3.007e-05
3.810e-05
3.661e-05
3.177e-05
3.139e-05
3.164e-05
3.156e-05
3.135e-05
3.204e-05
3.254e-05
3.173e-05
3.182e-05
3.249e-05
3.592e-05
3.456e-05
3.449e-05
3.486e-05
3.592e-05
3.507e-05
3.531e-05
3.869e-05
4.197e-05
3.907e-05
3.916e-05
4.746e-05
5.092e-05
4.842e-05
4.835e-05
4.859e-05
5.801e-05
4.812e-05
6.866e-05
2.124e-04
5.322e-05
5.392e-05
5.103e-05
5.250e-05
5.817e-05
5.583e-05
5.485e-05
5.409e-05
4.618e-05
4.514e-05
4.466e-05
5.326e-05
5.422e-05
4.727e-05
4.779e-05
5.055e-05
5.525e-05
5.121e-05
5.148e-05
5.411e-05
5.052e-05
5.159e-05
5.288e-05
5.435e-05
5.278e-05
5.340e-05
5.410e-05
5.306e-05
5.311e-05
5.235e-05
5.065e-05
5.064e-05
5.190e-05
6.047e-05
6.076e-05
6.369e-05
5.804e-05
5.024e-05
4.985e-05
6.329e-05
6.487e-05
8.283e-05
8.032e-05
7.843e-05
8.372e-05
7.972e-05
7.913e-05
7.961e-05
8.047e-05
7.917e-05
8.020e-05
8.174e-05
8.050e-05
7.978e-05
8.532e-05
7.861e-05
7.848e-05
8.074e-05
7.896e-05
8.090e-05
8.141e-05
7.625e-05
7.848e-05
8.181e-05
8.225e-05
8.253e-05
8.216e-05
8.549e-05
7.842e-05
8.210e-05
9.249e-05
1.006e-04
9.959e-05
9.043e-05
9.310e-05
9.252e-05
9.675e-05
9.414e-05
9.557e-05
9.895e-05
9.555e-05
1.016e-04
9.900e-05
1.010e-04
9.973e-05
1.004e-04
9.771e-05
8.771e-05
8.040e-05
8.958e-05
9.554e-05
8.239e-05
7.820e-05
9.731e-05
1.024e-04
9.599e-05
1.100e-04
3.049e-04
1.087e-04
1.046e-04
1.122e-04
1.068e-04
1.103e-04
1.039e-04
1.048e-04
1.038e-04
1.063e-04
1.060e-04
1.046e-04
1.004e-04
8.637e-05
1.010e-04
1.065e-04
1.027e-04
1.010e-04
1.022e-04
1.005e-04
1.008e-04
9.985e-05
1.043e-04
1.038e-04
1.044e-04
1.031e-04
1.052e-04
1.066e-04
1.062e-04
1.090e-04
1.123e-04
1.253e-04
7.283e-03
6.911e-03
1.009e-02
7.126e-03
6.736e-03
2.043e-02
2.065e-02
2.188e-02
2.156e-02
2.382e-02
2.321e-02
2.633e-02
2.485e-02
2.523e-02
2.585e-02
2.804e-02
2.758e-02
2.941e-02
3.142e-02
3.173e-02
3.400e-02
3.622e-02
3.493e-02
3.466e-02
3.384e-02
3.540e-02
3.549e-02
3.567e-02
3.595e-02
3.582e-02
3.931e-02
3.912e-02
4.018e-02
3.842e-02
4.052e-02
4.163e-02
3.983e-02
4.018e-02
4.058e-02
4.279e-02
4.120e-02
4.097e-02
4.206e-02
4.270e-02
4.145e-02
4.332e-02
4.579e-02
4.335e-02
4.561e-02
4.637e-02
4.595e-02
4.673e-02
4.595e-02
4.877e-02
4.733e-02
4.964e-02
4.607e-02
5.207e-02
5.313e-02
5.331e-02
4.928e-02
5.009e-02
6.944e-02
4.883e-02
4.969e-02
4.944e-02
4.897e-02
5.299e-02
6.201e-02
5.392e-02
5.495e-02
5.728e-02
5.925e-02
7.147e-02
5.455e-02
5.808e-02
5.715e-02
5.595e-02
5.330e-02
5.810e-02
5.738e-02
5.745e-02
5.887e-02
6.040e-02
5.941e-02
6.023e-02
7.830e-02
5.971e-02
5.983e-02
6.033e-02
6.041e-02
5.895e-02
5.984e-02
6.167e-02
5.899e-02
6.150e-02
6.390e-02
6.318e-02
6.530e-02
9.387e-02
6.595e-02
6.247e-02
6.370e-02
6.242e-02
6.417e-02
6.342e-02
6.952e-02
6.690e-02
6.932e-02
6.734e-02
7.380e-02
7.674e-02
7.691e-02
6.468e-02
6.737e-02
6.842e-02
6.851e-02
7.309e-02
6.953e-02
6.856e-02
6.864e-02
7.161e-02
7.042e-02
7.099e-02
8.204e-02
8.022e-02
7.058e-02
7.408e-02
7.309e-02
7.515e-02
7.314e-02
7.345e-02
7.848e-02
7.836e-02
7.331e-02
7.584e-02
7.449e-02
8.295e-02
8.686e-02
7.693e-02
7.636e-02
7.856e-02
7.790e-02
7.775e-02
7.871e-02
7.592e-02
7.711e-02
7.487e-02
7.440e-02
7.802e-02
9.337e-02
7.908e-02
7.822e-02
8.079e-02
8.112e-02
8.104e-02
7.961e-02
7.760e-02
7.901e-02
7.874e-02
8.029e-02
8.220e-02
8.352e-02
9.649e-02
9.075e-02
8.285e-02
8.782e-02
8.546e-02
8.306e-02
8.406e-02
8.692e-02
8.717e-02
8.633e-02
8.702e-02
8.669e-02
8.710e-02
9.906e-02
9.469e-02
8.949e-02
8.942e-02
8.895e-02
8.560e-02
8.755e-02
8.825e-02
9.091e-02
9.250e-02
9.124e-02
9.123e-02
9.101e-02
1.076e-01
9.220e-02
9.299e-02
9.208e-02
9.239e-02
9.115e-02
8.969e-02
9.225e-02
9.308e-02
9.305e-02
9.496e-02
9.192e-02
9.214e-02
1.126e-01
9.447e-02
9.515e-02
9.361e-02
9.365e-02
9.568e-02
9.659e-02
1.007e-01
9.514e-02
9.583e-02
9.505e-02
9.614e-02
9.393e-02
1.190e-01
1.015e-01
1.029e-01
1.012e-01
1.024e-01
1.034e-01
1.015e-01
9.975e-02
1.007e-01
9.940e-02
1.019e-01
1.032e-01
1.020e-01
1.247e-01
1.112e-01
1.081e-01
1.067e-01
1.033e-01
1.092e-01
1.049e-01
1.069e-01
1.055e-01
1.071e-01
1.047e-01
1.059e-01
1.053e-01
1.293e-01
1.066e-01
1.092e-01
1.089e-01
1.076e-01
1.072e-01
1.075e-01
1.111e-01
1.111e-01
1.115e-01
1.096e-01
1.089e-01
1.092e-01
1.335e-01
1.107e-01
1.118e-01
1.119e-01
1.128e-01
1.096e-01
1.115e-01
1.120e-01
1.113e-01
1.124e-01
1.133e-01
1.124e-01
1.144e-01
1.361e-01
1.169e-01
1.183e-01
1.180e-01
1.168e-01
1.132e-01
1.149e-01
1.178e-01
1.215e-01
1.173e-01
1.203e-01
1.168e-01
1.174e-01
1.425e-01
1.190e-01
1.214e-01
1.192e-01
1.211e-01
1.202e-01
1.201e-01
1.179e-01
1.189e-01
1.201e-01
1.225e-01
1.222e-01
1.224e-01
1.418e-01
1.228e-01
1.226e-01
1.253e-01
1.217e-01
1.241e-01
1.227e-01
1.207e-01
1.224e-01
1.228e-01
1.263e-01
1.269e-01
1.268e-01
1.446e-01
1.266e-01
1.252e-01
1.242e-01
1.244e-01
1.264e-01
1.267e-01
1.270e-01
1.279e-01
1.253e-01
1.276e-01
1.265e-01
1.285e-01
1.428e-01
1.272e-01
1.258e-01
1.256e-01
1.269e-01
1.254e-01
1.254e-01
1.265e-01
1.298e-01
1.319e-01
1.334e-01
1.300e-01
1.322e-01
1.535e-01
1.519e-01
1.323e-01
1.286e-01
1.343e-01
1.354e-01
1.358e-01
1.387e-01
1.443e-01
1.661e-01
1.557e-01
1.569e-01
1.556e-01
1.813e-01
1.574e-01
1.608e-01
1.610e-01
1.599e-01
1.662e-01
1.610e-01
1.623e-01
1.692e-01
1.667e-01
1.761e-01
1.779e-01
1.750e-01
1.991e-01
1.703e-01
1.716e-01
1.750e-01
1.799e-01
1.762e-01
1.771e-01
1.799e-01
1.775e-01
1.819e-01
1.780e-01
1.822e-01
1.787e-01
2.005e-01
1.804e-01
1.793e-01
1.837e-01
1.812e-01
1.922e-01
1.976e-01
1.931e-01
1.916e-01
1.960e-01
1.946e-01
1.932e-01
1.926e-01
2.142e-01
1.945e-01
1.995e-01
2.017e-01
2.022e-01
1.984e-01
2.014e-01
1.989e-01
1.977e-01
1.970e-01
2.179e-01
2.265e-01
2.232e-01
2.326e-01
2.085e-01
2.297e-01
2.397e-01
2.517e-01
2.302e-01
2.231e-01
2.463e-01
2.265e-01
2.300e-01
2.361e-01
2.338e-01
2.249e-01
2.367e-01
2.278e-01
2.263e-01
2.236e-01
2.278e-01
2.276e-01
2.189e-01