      2
      3
      4
      5
      6
      7
      8
      9
     10
     11
     12
     13
     14
     15
     16
     17
     18
     19
     20
     21
     22
     23
     24
     25
     26
     27
     28
     29
     30
     70
    165
    166
    167
    168
    169
    170
    171
    172
    173
    174
    175
    176
    177
    178
    179
    180
    181
    182
    183
    184
    185
    186
    187
    188
    189
    190
    191
    192
    193
    194
    195
    196
    197
    198
    199
    200
    201
    202
    203
    204
    205
    206
    207
    208
    209
    210
    211
    212
    213
    214
    215
    216
    217
    218
    219
    220
    221
    222
    223
    224
    225
    226
    226
    227
    228
    229
    230
    342
    343
    344
    345
    346
    347
    348
    349
    350
    351
    352
    353
    354
    355
    356
    357
    358
    359
    360
    361
    362
    363
    364
    365
    366
    367
    368
    369
    370
    371
    372
    373
    374
    375
    376
    377
    378
    379
    380
    381
    382
    383
    384
    385
    386
    387
    388
    389
    390
    391
    392
    393
    394
    395
    396
    397
    398
    399
    400
    401
    402
    514
    623
    624
    625
    626
    627
    628
    629
    630
    631
    632
    633
    634
    635
    636
    637
    638
    639
    640
    641
    642
    643
    644
    645
    646
    647
    648
    649
    650
    651
    652
    653
    654
    655
    656
    657
    658
    659
    660
    661
    662
    663
    664
    665
    666
    667
    668
    669
    670
    671
    672
    673
    673
    674
    675
    676
    677
    678
    679
    680
    681
    682
    683
    684
    685
    686
    687
    688
    689
    690
    691
    692
    693
    694
    695
    696
    697
    698
    699
    700
    701
    702
    703
    704
    705
    706
    707
    708
    709
    710
    711
    712
    713
    714
    715
    716
    717
    718
    719
    720
    721
    722
    723
    724
    725
    799
    800
    801
    802
    803
    804
    805
    806
    807
    808
    809
    810
    842
    853
    854
    855
    856
    857
    858
    859
    860
    861
    862
    863
    864
    865
    866
    867
    868
    869
    870
    871
    872
    873
    874
    875
    876
    877
    878
    879
    880
    881
    882
    883
    884
    885
    886
    887
    888
    889
    890
    891
    892
    893
    894
    895
    896
    897
    898
    899
    900
   1012
   1121
   1122
   1123
   1124
   1125
   1126
   1127
   1128
   1129
   1130
   1131
   1132
   1133
   1134
   1135
   1136
   1137
   1138
   1139
   1140
   1141
   1142
   1143
   1144
   1145
   1146
   1147
   1148
   1149
   1150
   1151
   1152
   1153
   1154
   1155
   1156
   1157
   1158
   1159
   1160
   1161
   1162
   1163
   1164
   1165
   1166
   1167
   1168
   1169
   1170
   1171
   1172
   1173
   1174
   1175
   1176
   1177
   1178
 312138
 361982
 389149
 407432
 420481
1319084
1371835
1371836
1371837
1371838
1371839
1371840
1371841
1371842
1371843
1371844
1371845
1371846
1371847
1371848
1371849
1371850
1371851
1371852
1371853
1371854
1371855
1371856
1371857
1371858
1371859
1371860
1371861
1371862
1371863
1371864
1371865
1371866
1371867
1371868
1371869
1371870
1371871
1371872
1371873
1371874
1371875
1371876
1371877
1371878
1371879
1371880
1371881
1371882
1371883
1371884
1371885
1371886
1371887
1371888
1371889
1371890
1371891
1371892
1371893
1371894
1371895
1371896
1371897
1371898
1371899
1371900
1371901
1371902
1371903
1371904
1371905
1371906
1371907
1371908
1371909
1371910
1371911
1371912
1371913
1371914
1371915
1371916
1371917
1371918
1371919
1371920
1371921
1371922
1371923
1371924
1371925
1371926
1371927
1371928
1371929
1371930
1371931
1371932
1371933
1371934
1371935
1371936
1371937
1371938
1371939
1371940
1372052
1372053
1372054
1372055
1372056
1372057
1372058
1372059
1372060
1372061
1372062
1372063
1372064
1372065
1372066
1372067
1372068
1372069
1372070
1372071
1372072
1372073
1372074
1372075
1372076
1372077
1372078
1372079
1372080
1372081
1372082
1372083
1372084
1372085
1372086
1372087
1372088
1372089
1372090
1372091
1372092
1372093
1372094
1372095
1372096
1372097
1372098
1372099
1372100
1372101
1372102
1372103
1372104
1372105
1372106
1372107
1372108
1372109
1372110
1372111
1372112
1372113
1372114
1372115
1372116
1372117
1372118
1372119
1372120
1372121
1372122
1372123
1372124
1372125
1372126
1372127
1372128
1372129
1372130
1372131
1372132
1372133
1372134
1372135
1372136
1372137
1372138
1372139
1372140
1372141
1372142
1372143
1372144
1372145
1372146
1372147
1372148
1372149
1372150
1372151
1372152
1372153
1372154
1372155
1372156
1372157
1372158
1372159
1372160
1372161
1372162
1372163
1372164
1372165
1372166
1372167
1372168
1372166
1372167
1372168
1372169
1372170
1372171
1372172
1372173
1372174
1372175
1372176
1372177
1372178
1372179
1372180
1372181
1372182
1372183
1372184
1372185
1372186
1372187
1372188
1372189
1372190
1372191
1372192
1372193
1372194
1372195
1372196
1372197
1372198
1372199
1372200
1372201
1372202
1372203
1372204
1372205
1372206
1372207
1372208
1372209
1372210
1372211
1372212
1372213
1372214
1372215
1372216
1372217
1372218
1372219
1372220
1372221
1372222
1372223
1372224
1372225
1372226
1372227
1372228
1372229
1372230
1372231
1372232
1372233
1372234
1372235
1372236
1372237
1372238
1372239
1372240
1372241
1372242
1372243
1372244
1372245
1372246
1372247
1372248
1372249
1372250
1372251
1372252
1372253
1372254
1372255
1372256
1372257
1372258
1372259
1372260
1372261
1372262
1372263
1372264
1372265
1372266
1372267
1372268
1372269
1372270
1372271
1372272
1683232
1733076
1760243
1778526
1791575
2690178
2742929
2742930
2742931
2742932
2742933
2742934
2742935
2742936
2742937
2742938
2742939
2742940
2742941
2742942
2742943
2742944
2742945
2742946
2742947
2742948
2742949
2742950
2742951
2742952
2742953
2742954
2742955
2742956
2742957
2742958
2742959
2742960
2742961
2742962
2742963
2742964
2742965
2742966
2742967
2742968
2742969
2742970
2742971
2742972
2742973
2742974
2742975
2742976
2742977
2742978
2742979
2742980
2742981
2742982
2742983
2742984
2742985
2742986
2743115
2752135
2752136
2752137
2752138
2752139
2752140
2752141
2752142
2752143
2752144
2752145
2752146
2752147
2752148
2752149
2752150