1.778e-06
6.240e-07
4.030e-07
5.510e-07
5.470e-07
6.940e-07
4.190e-07
4.360e-07
5.670e-07
4.760e-07
4.550e-07
4.930e-07
4.640e-07
5.050e-07
5.220e-07
6.490e-07
5.000e-07
5.310e-07
5.120e-07
5.940e-07
2.005e-06
5.540e-07
5.600e-07
5.920e-07
6.920e-07
6.040e-07
6.020e-07
6.240e-07
7.050e-07
8.430e-07
6.910e-07
7.950e-07
7.070e-07
7.850e-07
1.920e-06
8.040e-07
7.530e-07
8.000e-07
7.680e-07
7.720e-07
8.980e-07
8.010e-07
8.190e-07
8.480e-07
1.986e-06
8.680e-07
9.110e-07
8.940e-07
9.020e-07
9.070e-07
9.190e-07
9.540e-07
2.089e-06
1.030e-06
1.058e-06
1.138e-06
1.063e-06
1.148e-06
1.161e-06
5.146e-06
1.188e-06
1.249e-06
1.215e-06
1.224e-06
1.212e-06
2.732e-06
1.254e-06
1.248e-06
1.347e-06
1.301e-06
1.338e-06
2.680e-06
1.343e-06
1.339e-06
1.347e-06
1.383e-06
2.520e-06
1.379e-06
1.498e-06
1.440e-06
1.492e-06
2.620e-06
1.464e-06
1.451e-06
1.468e-06
2.675e-06
1.485e-06
1.510e-06
1.497e-06
1.519e-06
2.720e-06
1.575e-06
1.524e-06
1.566e-06
1.615e-06
2.795e-06
1.724e-06
1.811e-06
1.728e-06
3.110e-06
1.831e-06
1.752e-06
1.803e-06
2.969e-06
1.962e-06
1.838e-06
4.014e-06
2.419e-06
1.925e-06
1.920e-06
3.225e-06
1.994e-06
1.951e-06
3.417e-06
1.976e-06
1.997e-06
3.121e-06
4.942e-06
2.026e-06
2.046e-06
3.244e-06
2.115e-06
2.061e-06
3.193e-06
2.102e-06
2.072e-06
3.231e-06
2.192e-06
2.160e-06
3.688e-06
2.186e-06
2.192e-06
3.396e-06
2.244e-06
2.192e-06
3.593e-06
2.261e-06
2.286e-06
3.513e-06
2.275e-06
2.216e-06
3.463e-06
2.341e-06
2.292e-06
4.963e-06
2.270e-06
2.312e-06
3.954e-06
2.377e-06
2.364e-06
4.137e-06
2.388e-06
3.646e-06
2.391e-06
2.498e-06
3.634e-06
2.543e-06
2.535e-06
5.464e-06
2.600e-06
2.566e-06
3.754e-06
2.618e-06
3.854e-06
2.752e-06
2.799e-06
4.017e-06
2.699e-06
3.907e-06
2.757e-06
3.938e-06
2.859e-06
2.855e-06
3.882e-06
2.870e-06
3.972e-06
2.854e-06
4.011e-06
2.840e-06
2.925e-06
4.290e-06
3.012e-06
5.476e-06
2.949e-06
4.336e-06
3.004e-06
4.162e-06
3.032e-06
4.198e-06
3.051e-06
4.312e-06
3.061e-06
3.040e-06
4.181e-06
3.017e-06
4.263e-06
3.129e-06
4.271e-06
3.067e-06
5.054e-06
3.090e-06
4.325e-06
3.272e-06
4.491e-06
3.216e-06
4.393e-06
3.185e-06
4.335e-06
3.226e-06
4.309e-06
3.254e-06
5.481e-06
3.445e-06
4.560e-06
3.389e-06
4.377e-06
3.536e-06
4.767e-06
3.570e-06
4.538e-06
3.510e-06
4.587e-06
3.505e-06
4.661e-06
3.456e-06
4.767e-06
4.888e-06
3.574e-06
6.066e-06
3.622e-06
4.674e-06
3.613e-06
4.775e-06
3.623e-06
4.776e-06
4.947e-06
3.682e-06
4.883e-06
3.760e-06
6.050e-06
4.880e-06
3.689e-06
4.941e-06
3.721e-06
4.888e-06
3.756e-06
4.892e-06
5.064e-06
3.849e-06
5.167e-06
3.735e-06
5.155e-06
6.885e-06
3.898e-06
4.895e-06
3.931e-06
4.869e-06
5.044e-06
3.882e-06
4.972e-06
5.107e-06
3.941e-06
5.221e-06
4.020e-06
6.038e-06
5.416e-06
3.988e-06
5.293e-06
5.460e-06
4.251e-06
5.230e-06
4.121e-06
5.182e-06
5.282e-06
4.210e-06
5.386e-06
5.804e-06
4.312e-06
5.435e-06
5.584e-06
4.280e-06
5.767e-06
5.961e-06
4.348e-06
5.574e-06
5.485e-06
4.430e-06
6.064e-06
5.583e-06
5.606e-06
4.551e-06
5.879e-06
5.780e-06
4.540e-06
5.802e-06
7.006e-06
6.229e-06
4.576e-06
5.982e-06
5.822e-06
5.813e-06
4.728e-06
5.752e-06
6.210e-06
4.572e-06
6.846e-06
6.181e-06
5.729e-06
4.676e-06
6.274e-06
5.906e-06
5.875e-06
4.658e-06
6.127e-06
5.756e-06
5.781e-06
4.690e-06
5.792e-06
5.953e-06
5.936e-06
6.064e-06
4.965e-06
5.926e-06
6.399e-06
6.438e-06
4.649e-06
5.568e-06
6.160e-06
5.712e-06
5.823e-06
4.738e-06
5.828e-06
5.764e-06
5.831e-06
5.794e-06
4.644e-06
6.124e-06
5.893e-06
6.155e-06
5.967e-06
5.906e-06
4.756e-06
5.911e-06
6.736e-06
6.284e-06
5.883e-06
5.945e-06
4.899e-06
5.884e-06
5.882e-06
6.074e-06
5.884e-06
6.133e-06
6.265e-06
5.023e-06
5.977e-06
6.151e-06
6.346e-06
5.973e-06
6.225e-06
6.871e-06
6.209e-06
4.953e-06
6.092e-06
6.121e-06
6.312e-06
6.669e-06
6.456e-06
6.133e-06
6.144e-06
5.310e-06
7.182e-06
6.864e-06
6.198e-06
6.272e-06
6.229e-06
6.311e-06
7.179e-06
6.196e-06
6.414e-06
5.165e-06
6.209e-06
6.301e-06
6.632e-06
6.327e-06
1.657e-05
6.647e-06
6.609e-06
6.854e-06
6.857e-06
6.652e-06
6.856e-06
7.579e-06
5.822e-06
6.992e-06
6.717e-06
7.190e-06
6.724e-06
7.469e-06
7.108e-06
6.924e-06
7.030e-06
7.419e-06
7.107e-06
6.909e-06
6.900e-06
6.934e-06
6.891e-06
7.605e-06
6.924e-06
6.867e-06
6.915e-06
7.012e-06
6.895e-06
7.409e-06
7.013e-06
7.210e-06
6.939e-06
6.987e-06
7.033e-06
6.989e-06
7.051e-06
7.096e-06
7.854e-06
7.082e-06
7.246e-06
6.963e-06
7.272e-06
7.069e-06
7.102e-06
6.898e-06
7.118e-06
7.131e-06
7.200e-06
7.204e-06
8.358e-06
7.471e-06
8.155e-06
7.213e-06
7.413e-06
8.243e-06
7.373e-06
7.221e-06
7.380e-06
7.323e-06
7.487e-06
7.227e-06
7.549e-06
7.308e-06
7.339e-06
7.426e-06
8.449e-06
8.467e-06
7.486e-06
7.701e-06
7.382e-06
7.757e-06
7.524e-06
7.568e-06
7.342e-06
7.550e-06
7.400e-06
8.485e-06
7.457e-06
8.288e-06
7.807e-06
7.524e-06
7.471e-06
7.496e-06
7.588e-06
8.836e-06
7.962e-06
9.191e-06
7.581e-06
7.586e-06
7.809e-06
7.539e-06
9.403e-06
7.570e-06
7.585e-06
7.591e-06
7.560e-06
7.609e-06
7.585e-06
8.629e-06
8.073e-06
7.702e-06
7.867e-06
7.707e-06
7.746e-06
9.620e-06
7.788e-06
7.917e-06
7.769e-06
8.391e-06
9.170e-06
1.095e-05
7.966e-06
8.116e-06
8.082e-06
8.269e-06
9.296e-06
8.981e-06
8.201e-06
8.230e-06
9.161e-06
8.301e-06
8.232e-06
8.267e-06
1.565e-05
8.837e-06
8.894e-06
9.055e-06
1.006e-05
1.016e-05
9.113e-06
9.135e-06
1.040e-05
9.022e-06
8.826e-06
8.983e-06
1.045e-05
9.364e-06
9.187e-06
9.112e-06
1.035e-05
1.010e-05
9.112e-06
1.025e-05
9.294e-06
9.184e-06
9.361e-06
1.022e-05
9.638e-06
9.459e-06
1.014e-05
9.292e-06
9.153e-06
1.034e-05
1.026e-05
9.218e-06
9.237e-06
1.051e-05
9.450e-06
9.233e-06
1.010e-05
9.835e-06
9.602e-06
1.032e-05
1.039e-05
9.486e-06
1.045e-05
9.475e-06
9.776e-06
9.621e-06
1.859e-05
9.802e-06
1.442e-05
1.266e-05
1.216e-05
1.514e-05
1.331e-05
1.470e-05
1.121e-05
9.870e-06
9.690e-06
1.087e-05
9.761e-06
1.096e-05
1.138e-05
1.013e-05
1.295e-05
9.951e-06
9.757e-06
1.082e-05
9.879e-06
1.092e-05
1.005e-05
1.020e-05
1.099e-05
9.965e-06
1.175e-05
9.902e-06
1.100e-05
9.985e-06
9.911e-06
1.100e-05
9.947e-06
1.094e-05
9.923e-06
9.979e-06
1.204e-05
1.017e-05
1.323e-05
1.404e-05
1.091e-05
9.934e-06
1.001e-05
1.110e-05
9.945e-06
1.070e-05
1.011e-05
1.224e-05
1.010e-05
1.105e-05
1.020e-05
1.010e-05
1.116e-05
1.011e-05
1.124e-05
1.012e-05
1.100e-05
1.136e-05
1.104e-05
1.019e-05
1.117e-05
1.022e-05
1.189e-05
1.038e-05
1.023e-05
1.166e-05
1.038e-05
1.248e-05
1.063e-05
1.184e-05
1.278e-05
1.249e-05
1.052e-05
1.132e-05
1.203e-05
1.061e-05
1.165e-05
1.183e-05
1.158e-05
1.062e-05
1.181e-05
1.057e-05
1.178e-05
1.203e-05
1.114e-05
9.975e-06
1.111e-05
1.304e-05
1.036e-05
1.111e-05
1.022e-05
1.062e-05
9.929e-06
1.070e-05
9.829e-06
1.087e-05
9.969e-06
1.228e-05
1.094e-05
9.839e-06
1.080e-05
1.012e-05
1.089e-05
9.978e-06
1.069e-05
1.265e-05
1.082e-05
1.090e-05
1.015e-05
1.112e-05
1.024e-05
1.099e-05
1.103e-05
1.033e-05
1.239e-05
1.507e-05
1.457e-05
1.127e-05
1.023e-05
1.091e-05
1.009e-05
1.117e-05
1.103e-05
1.048e-05
1.275e-05
1.360e-05
1.113e-05
1.156e-05
1.074e-05
1.201e-05
2.342e-05
1.627e-05
1.448e-05
1.738e-05
1.577e-05
1.494e-05
1.676e-05
1.385e-05
1.453e-05
1.514e-05
1.365e-05
1.515e-05
1.931e-05
1.093e-05
1.459e-05
1.642e-05
1.507e-05
1.155e-05
1.141e-05
1.071e-05
1.157e-05
1.248e-05
1.068e-05
1.178e-05
1.716e-05
1.301e-05
1.196e-05
1.261e-05
1.268e-05
1.171e-05
1.357e-05
1.274e-05
1.335e-05
1.157e-05
1.281e-05
1.423e-05
1.411e-05
2.523e-05
1.771e-05
1.685e-05
1.613e-05
2.865e-05
2.693e-05
1.714e-05
1.635e-05
2.932e-05
1.883e-05
1.950e-05
1.593e-05
1.671e-05
1.650e-05
1.669e-05
1.622e-05
1.783e-05
2.082e-05
1.933e-05
1.814e-05
1.703e-05
1.841e-05
1.860e-05
1.850e-05
1.736e-05
2.412e-05
1.278e-04
1.763e-05
1.727e-05
3.140e-05
1.500e-05
1.919e-05
1.413e-04
4.807e-05
1.794e-05
2.718e-05
1.248e-05
1.355e-05
1.323e-05
1.307e-05
1.324e-05
1.233e-05
1.427e-05
2.278e-05
1.449e-05
1.489e-05
1.468e-05
1.485e-05
1.623e-05
1.485e-05
1.461e-05
1.528e-05
1.503e-05
1.571e-05
1.346e-05
1.446e-05
1.468e-05
1.497e-05
1.436e-05
1.610e-05
1.475e-05
1.418e-05
1.474e-05
1.529e-05
1.528e-05
1.490e-05
1.521e-05
1.606e-05
2.359e-05
1.494e-05
1.406e-05
1.537e-05
1.484e-05
1.503e-05
1.519e-05
2.135e-05
1.526e-05
1.505e-05
1.504e-05
1.516e-05
1.508e-05
1.515e-05
1.618e-05
1.552e-05
1.660e-05
1.667e-05
1.648e-05
1.678e-05
1.637e-05
1.580e-05
1.686e-05
1.610e-05
1.564e-05
1.623e-05
1.563e-05
1.546e-05
1.598e-05
1.875e-05
1.656e-05
1.661e-05
1.643e-05
2.189e-05
1.564e-05
1.559e-05
1.627e-05
1.694e-05
1.567e-05
1.583e-05
1.629e-05
1.496e-05
1.609e-05
1.598e-05
1.595e-05
1.688e-05
1.592e-05
1.612e-05
1.613e-05
1.586e-05
1.624e-05
1.645e-05
1.660e-05
1.797e-05
1.631e-05
1.633e-05
1.650e-05
1.619e-05
1.760e-05
1.652e-05
1.620e-05
1.558e-05
1.595e-05
1.526e-05
2.384e-05
1.571e-05
1.556e-05
1.622e-05
1.558e-05
1.602e-05
1.545e-05
2.363e-05
2.625e-05
2.569e-05
2.735e-05
2.562e-05
2.720e-05
2.332e-05
2.553e-05
2.542e-05
2.540e-05
4.079e-05
2.713e-05
2.517e-05
2.474e-05
2.604e-05
2.557e-05
2.486e-05
2.777e-05
3.021e-05
2.500e-05
2.509e-05
2.592e-05
2.566e-05
3.148e-05
2.629e-05
2.558e-05
2.688e-05
2.559e-05
2.504e-05
2.549e-05
2.598e-05
2.680e-05
2.603e-05
2.569e-05
2.664e-05
2.525e-05
2.574e-05
2.445e-05
2.716e-05
2.568e-05
2.535e-05
2.562e-05
2.679e-05
2.538e-05
2.530e-05
2.807e-05
2.341e-05
2.552e-05
2.624e-05
2.471e-05
2.518e-05
2.548e-05
3.334e-05
2.524e-05
2.565e-05
2.508e-05
2.514e-05
2.392e-05
2.356e-05
2.600e-05
2.359e-05
2.339e-05
2.484e-05
2.371e-05
2.546e-05
2.320e-05
2.577e-05
2.339e-05
1.142e-04
1.331e-04
2.562e-05
2.615e-05
2.580e-05
2.872e-05
2.709e-05
2.651e-05
2.623e-05
2.828e-05
2.591e-05
2.715e-05
2.631e-05
3.599e-05
2.633e-05
2.596e-05
2.628e-05
2.722e-05
2.696e-05
2.611e-05
2.581e-05
2.713e-05
2.671e-05
2.625e-05
2.787e-05
2.536e-05
2.611e-05
2.631e-05
2.796e-05
2.729e-05
2.633e-05
2.835e-05
3.261e-05
2.501e-05
2.469e-05
2.629e-05
2.551e-05
2.652e-05
2.721e-05
2.517e-05
3.140e-05
2.681e-05
2.585e-05
2.555e-05
2.802e-05
2.548e-05
2.531e-05
2.683e-05
2.549e-05
2.572e-05
2.872e-05
2.530e-05
2.614e-05
2.685e-05
2.613e-05
2.554e-05
2.746e-05
2.309e-05
2.630e-05
2.502e-05
2.520e-05
3.231e-05
3.535e-05
2.629e-05
1.427e-04
2.748e-05
2.641e-05
3.586e-05
2.788e-05
3.056e-05
2.749e-05
2.748e-05
3.068e-05
2.886e-05
2.854e-05
2.926e-05
2.754e-05
2.896e-05
2.880e-05
2.931e-05
2.832e-05
2.717e-05
2.669e-05
2.571e-05
2.671e-05
2.594e-05
2.614e-05
2.853e-05
2.666e-05
2.721e-05
2.612e-05
2.648e-05
3.559e-05
2.654e-05
2.868e-05
2.664e-05
2.793e-05
2.656e-05
2.796e-05
2.640e-05
3.348e-05
2.668e-05
2.695e-05
3.135e-05
2.658e-05
2.996e-05
3.083e-05
2.817e-05
2.571e-05
2.677e-05
2.913e-05
2.752e-05
2.695e-05
2.762e-05
2.851e-05
2.808e-05
2.626e-05
2.692e-05
3.448e-05
2.833e-05
2.593e-05
2.747e-05
2.616e-05
2.910e-05
2.702e-05
2.748e-05
2.626e-05
2.771e-05
2.593e-05
3.155e-05
2.599e-05
2.766e-05
2.819e-05
2.659e-05
2.803e-05
2.831e-05
2.732e-05
2.650e-05
2.841e-05
2.703e-05
2.841e-05
2.813e-05
3.402e-05
2.657e-05
2.791e-05
2.921e-05
2.678e-05
2.976e-05
2.708e-05
2.840e-05
2.719e-05
2.771e-05
3.133e-05
2.869e-05
2.910e-05
2.715e-05
2.826e-05
2.989e-05
2.735e-05
3.021e-05
2.712e-05
2.804e-05
2.929e-05
2.665e-05
2.988e-05
2.708e-05
2.864e-05
3.577e-05
2.712e-05
2.825e-05
3.085e-05
2.769e-05
2.835e-05
2.777e-05
2.859e-05
2.939e-05
3.302e-05
2.858e-05
2.842e-05
2.801e-05
2.885e-05
3.002e-05
2.722e-05
2.916e-05
2.925e-05
2.768e-05
3.099e-05
3.213e-05
2.948e-05
3.066e-05
3.857e-05
3.013e-05
3.109e-05
3.245e-05
3.002e-05
3.171e-05
3.178e-05
3.013e-05
3.274e-05
3.164e-05
3.092e-05
3.127e-05
3.109e-05
3.165e-05
3.337e-05
3.180e-05
3.305e-05
2.861e-05
2.676e-05
2.603e-05
2.872e-05
2.979e-05
3.075e-05
3.794e-05
3.387e-05
3.014e-05
3.063e-05
3.236e-05
3.180e-05
3.201e-05
3.385e-05
3.181e-05
3.173e-05
3.064e-05
3.169e-05
3.159e-05
2.968e-05
3.043e-05
2.881e-05
2.984e-05
3.105e-05
3.087e-05
2.869e-05
2.997e-05
3.033e-05
3.011e-05
3.764e-05
2.933e-05
2.995e-05
3.042e-05
3.158e-05
3.342e-05
3.103e-05
3.269e-05
2.639e-05
2.633e-05
3.009e-05
3.108e-05
3.275e-05
3.253e-05
3.295e-05
3.268e-05
3.304e-05
3.306e-05
2.958e-05
3.364e-05
3.328e-05
3.251e-05
3.751e-05
3.062e-05
3.363e-05
3.364e-05
3.423e-05
3.086e-05
3.083e-05
3.122e-05
3.080e-05
3.121e-05
3.312e-05
3.171e-05
3.228e-05
3.211e-05
3.088e-05
3.198e-05
2.986e-05
3.085e-05
3.169e-05
3.335e-05
3.884e-05
3.121e-05
4.077e-05
3.366e-05
4.197e-05
3.508e-05
3.232e-05
3.355e-05
3.368e-05
3.097e-05
3.275e-05
3.301e-05
3.169e-05
3.190e-05
3.103e-05
3.281e-05
3.167e-05
3.168e-05
3.088e-05
3.223e-05
3.188e-05
3.324e-05
3.254e-05
3.136e-05
3.819e-05
3.195e-05
3.268e-05
2.995e-05
3.172e-05
3.135e-05
3.168e-05
3.291e-05
3.262e-05
3.295e-05
3.450e-05
3.271e-05
3.595e-05
3.436e-05
3.487e-05
3.485e-05
3.430e-05
3.548e-05
3.461e-05
3.434e-05
3.500e-05
4.195e-05
3.586e-05
3.484e-05
3.463e-05
3.490e-05
3.469e-05
3.623e-05
3.290e-05
3.482e-05
3.469e-05
3.406e-05
3.396e-05
3.412e-05
3.298e-05
3.223e-05
3.406e-05
3.263e-05
3.265e-05
3.302e-05
3.508e-05
4.118e-05
3.300e-05
3.362e-05
3.274e-05
3.264e-05
3.778e-05
3.316e-05
3.294e-05
3.271e-05
3.387e-05
3.565e-05
3.668e-05
3.519e-05
3.490e-05
3.545e-05
3.651e-05
3.552e-05
3.539e-05
3.564e-05
3.510e-05
3.669e-05
4.197e-05
3.572e-05
3.746e-05
3.633e-05
3.538e-05
3.546e-05
3.580e-05
3.307e-05
3.466e-05
3.241e-05
3.577e-05
3.505e-05
3.648e-05
3.551e-05
3.303e-05
3.311e-05
3.217e-05
3.383e-05
3.456e-05
3.836e-05
4.108e-05
3.495e-05
3.575e-05
3.923e-05
3.619e-05
3.644e-05
3.703e-05
3.708e-05
3.580e-05
3.375e-05
3.435e-05
3.597e-05
3.886e-05
4.308e-05
3.692e-05
3.672e-05
3.771e-05
3.917e-05
3.600e-05
3.327e-05
4.412e-05
3.828e-05
3.843e-05
3.614e-05
4.374e-05
3.660e-05
3.779e-05
3.763e-05
3.668e-05
3.543e-05
3.153e-05
3.675e-05
3.777e-05
3.663e-05
3.022e-05
2.472e-05
2.439e-05
2.342e-05
2.374e-05
2.948e-05
2.382e-05
2.422e-05
2.285e-05
2.325e-05
2.343e-05
2.496e-05
2.656e-05
2.366e-05
2.492e-05
2.374e-05
2.319e-05
2.296e-05
2.376e-05
2.307e-05
2.421e-05
2.470e-05
2.908e-05
3.161e-05
4.069e-05
2.613e-05
2.355e-05
3.284e-05
2.482e-05
2.615e-05
3.307e-05
2.507e-05
2.432e-05
3.724e-05
2.508e-05
2.477e-05
3.171e-05
2.391e-05
3.915e-05
3.390e-05
3.774e-05
3.919e-05
3.900e-05
4.752e-05
3.698e-05
3.734e-05
3.591e-05
4.131e-05
3.681e-05
3.688e-05
4.195e-05
4.051e-05
3.357e-05
3.646e-05
3.598e-05
3.164e-05
3.462e-05
3.319e-05
3.664e-05
3.747e-05
4.853e-05
4.273e-05
3.593e-05
2.760e-05
2.757e-05
2.690e-05
2.873e-05
2.886e-05
2.906e-05
2.800e-05
3.373e-05
4.528e-05
3.910e-05
3.827e-05
3.661e-05
2.858e-05
2.877e-05
3.310e-05
3.718e-05
3.574e-05
1.545e-04
3.209e-05
2.801e-05
2.755e-05
2.618e-05
2.986e-05
2.757e-05
3.108e-05
2.806e-05
2.877e-05
3.045e-05
2.809e-05
3.141e-05
2.821e-05
2.738e-05
2.964e-05
2.711e-05
2.867e-05
2.891e-05
3.077e-05
2.719e-05
2.730e-05
2.689e-05
2.990e-05
2.689e-05
2.759e-05
2.669e-05
2.936e-05
2.937e-05
2.836e-05
2.717e-05
2.969e-05
2.835e-05
2.837e-05
2.718e-05
2.875e-05
3.146e-05
3.043e-05
2.805e-05
3.627e-05
2.870e-05
3.069e-05
3.306e-05
2.923e-05
2.853e-05
3.162e-05
2.885e-05
3.185e-05
3.300e-05
3.111e-05
2.902e-05
3.065e-05
3.290e-05
4.117e-05
3.360e-05
2.710e-05
3.314e-05
3.215e-05
2.989e-05
3.439e-05
3.761e-05
3.184e-05
3.053e-05
3.113e-05
2.984e-05
3.247e-05
3.160e-05
3.364e-05
3.136e-05
3.047e-05
3.182e-05
3.105e-05
1.453e-04
1.784e-04
3.500e-05
3.680e-05
3.083e-05
3.637e-05
3.894e-05
3.396e-05
3.988e-05
3.861e-05
3.538e-05
3.040e-05
2.929e-05
2.942e-05
3.220e-05
2.904e-05
2.908e-05
4.480e-05
2.844e-05
3.000e-05
2.844e-05
2.954e-05
2.912e-05
2.912e-05
2.935e-05
2.921e-05
3.425e-05
3.151e-05
3.040e-05
2.968e-05
3.105e-05
3.164e-05
2.979e-05
3.030e-05
3.753e-05
3.036e-05
3.163e-05
3.100e-05
3.016e-05
3.201e-05
3.139e-05
2.996e-05
3.379e-05
3.194e-05
3.118e-05
3.015e-05
3.107e-05
3.294e-05
3.330e-05
3.111e-05
3.109e-05
3.974e-05
3.002e-05
3.081e-05
3.111e-05
3.241e-05
2.815e-05
2.803e-05
2.784e-05
2.938e-05
2.768e-05
2.758e-05
2.764e-05
2.750e-05
2.798e-05
3.171e-05
2.779e-05
2.876e-05
3.563e-05
2.821e-05
2.832e-05
2.872e-05
2.836e-05
2.789e-05
2.851e-05
2.892e-05
2.771e-05
2.809e-05
2.821e-05
2.890e-05
2.815e-05
2.690e-05
2.840e-05
2.923e-05
3.429e-05
2.694e-05
2.587e-05
2.726e-05
2.659e-05
2.666e-05
2.690e-05
2.903e-05
4.140e-05
2.753e-05
2.711e-05
2.747e-05
2.699e-05
2.702e-05
4.068e-05
4.057e-05
4.057e-05
4.365e-05
4.057e-05
4.393e-05
3.136e-05
2.851e-05
2.902e-05
2.796e-05
2.838e-05
3.102e-05
2.914e-05
2.865e-05
2.742e-05
2.814e-05
3.251e-05
3.809e-05
3.932e-05
4.978e-05
4.111e-05
4.473e-05
4.545e-05
5.112e-05
4.985e-05
4.785e-05
4.808e-05
5.100e-05
3.107e-04
5.245e-05
4.886e-05
4.166e-05
4.041e-05
4.750e-05
5.110e-05
1.273e-04
4.801e-05
5.082e-05
4.991e-05
5.178e-05
5.332e-05
5.077e-05
4.972e-05
5.211e-05
4.689e-05
4.882e-05
4.805e-05
4.931e-05
3.979e-05
4.896e-05
5.039e-05
5.547e-05
4.505e-05
4.793e-05
4.648e-05
4.657e-05
4.766e-05
4.583e-05
4.882e-05
4.673e-05
4.628e-05
4.491e-05
4.756e-05
4.424e-05
4.582e-05
4.866e-05
4.757e-05
1.559e-04
4.625e-05
5.901e-05
4.447e-05
1.534e-04
5.150e-05
5.208e-05
5.147e-05
5.127e-05
5.259e-05
5.207e-05
5.150e-05
5.119e-05
5.267e-05
4.996e-05
4.539e-05
5.220e-05
5.118e-05
5.144e-05
5.402e-05
4.884e-05
5.151e-05
7.428e-05
5.081e-05
4.975e-05
5.401e-05
5.343e-05
5.082e-05
5.284e-05
5.181e-05
5.269e-05
4.788e-05
3.945e-05
5.087e-05
5.191e-05
5.585e-05
4.728e-05
3.980e-05
4.210e-05
5.087e-05
4.902e-05
4.836e-05
5.143e-05
4.802e-05
4.918e-05
4.991e-05
5.670e-05
4.938e-05
5.000e-05
5.050e-05
5.061e-05
4.886e-05
4.918e-05
4.884e-05
3.952e-05
3.829e-05
4.519e-05
4.852e-05
4.790e-05
4.933e-05
4.828e-05
5.577e-05
4.900e-05
4.770e-05
5.102e-05
4.685e-05
4.907e-05
4.907e-05
5.079e-05
4.845e-05
4.804e-05
5.388e-05
4.791e-05
5.030e-05
4.887e-05
5.128e-05
3.871e-05
4.598e-05
4.110e-05
2.474e-04
5.406e-05
5.391e-05
5.755e-05
5.528e-05
5.403e-05
5.190e-05
5.228e-05
5.418e-05
5.039e-05
5.397e-05
5.835e-05
5.250e-05
6.125e-05
5.514e-05
5.195e-05
5.246e-05
5.301e-05
5.586e-05
5.128e-05
5.432e-05
5.098e-05
5.105e-05
5.013e-05
4.949e-05
4.946e-05
4.753e-05
5.314e-05
5.147e-05
5.009e-05
4.871e-05
4.835e-05
5.076e-05
5.163e-05
5.011e-05
5.086e-05
4.878e-05
4.872e-05
4.943e-05
5.151e-05
4.954e-05
4.898e-05
5.360e-05
5.015e-05
4.605e-05
4.996e-05
4.804e-05
4.946e-05
4.903e-05
4.904e-05
4.908e-05
4.793e-05
4.863e-05
5.113e-05
5.376e-05
4.898e-05
5.180e-05
4.568e-05
5.017e-05
5.155e-05
4.900e-05
4.666e-05
5.002e-05
5.260e-05
4.904e-05
5.160e-05
5.002e-05
4.786e-05
5.150e-05
4.942e-05
4.984e-05
5.404e-05
4.942e-05
5.178e-05
4.959e-05
4.827e-05
4.572e-05
4.338e-05
4.883e-05
4.305e-05
4.730e-05
4.188e-05
4.852e-05
1.418e-04
4.919e-05
5.605e-05
5.460e-05
5.134e-05
5.357e-05
5.335e-05
5.399e-05
5.407e-05
4.483e-05
4.713e-05
4.583e-05
4.774e-05
4.954e-05
5.181e-05
4.980e-05
5.540e-05
5.239e-05
5.180e-05
4.996e-05
5.399e-05
5.143e-05
5.095e-05
5.136e-05
5.410e-05
5.216e-05
5.174e-05
5.390e-05
5.357e-05
5.285e-05
4.881e-05
5.927e-05
5.063e-05
5.320e-05
5.326e-05
5.317e-05
5.094e-05
5.421e-05
5.265e-05
5.169e-05
5.279e-05
5.317e-05
5.336e-05
5.285e-05
5.574e-05
5.622e-05
5.289e-05
5.090e-05
5.300e-05
5.220e-05
5.421e-05
5.452e-05
5.308e-05
5.206e-05
5.497e-05
5.282e-05
5.400e-05
5.575e-05
5.273e-05
5.826e-05
4.592e-05
4.570e-05
4.665e-05
4.494e-05
4.630e-05
4.826e-05
4.899e-05
2.683e-04
6.326e-05
5.818e-05
6.076e-05
5.748e-05
6.334e-05
6.071e-05
5.678e-05
5.670e-05
5.170e-05
5.537e-05
5.336e-05
5.681e-05
5.807e-05
5.429e-05
5.564e-05
5.604e-05
5.557e-05
5.566e-05
5.951e-05
5.705e-05
5.369e-05
5.441e-05
5.682e-05
5.363e-05
5.215e-05
5.588e-05
5.392e-05
5.395e-05
5.564e-05
5.390e-05
5.371e-05
5.210e-05
5.863e-05
5.273e-05
5.469e-05
5.584e-05
5.350e-05
5.430e-05
5.639e-05
5.319e-05
5.426e-05
5.302e-05
4.527e-05
4.922e-05
5.546e-05
5.808e-05
5.557e-05
5.657e-05
5.335e-05
5.327e-05
5.623e-05
5.387e-05
5.495e-05
5.472e-05
5.499e-05
5.547e-05
5.474e-05
5.321e-05
5.113e-05
5.929e-05
5.993e-05
5.329e-05
5.532e-05
5.568e-05
5.386e-05
5.710e-05
5.635e-05
5.859e-05
5.380e-05
5.625e-05
5.654e-05
5.696e-05
5.820e-05
5.372e-05
5.645e-05
5.376e-05
5.543e-05
6.003e-05
5.545e-05
5.599e-05
5.634e-05
5.684e-05
5.718e-05
5.413e-05
5.602e-05
5.973e-05
5.529e-05
4.751e-05
5.431e-05
5.362e-05
5.683e-05
5.597e-05
5.640e-05
5.625e-05
5.714e-05
6.191e-05
5.802e-05
5.744e-05
6.340e-05
5.871e-05
5.742e-05
5.340e-05
6.043e-05
5.849e-05
6.032e-05
6.133e-05
6.044e-05
6.018e-05
5.832e-05
5.883e-05
5.896e-05
6.155e-05
5.863e-05
7.004e-05
6.743e-05
6.872e-05
4.945e-05
4.940e-05
5.220e-05
5.718e-05
6.025e-05
6.669e-05
6.051e-05
5.933e-05
6.214e-05
5.868e-05
6.029e-05
5.906e-05
5.481e-05
4.443e-05
4.112e-05
4.006e-05
4.407e-05
5.055e-05
4.207e-05
4.274e-05
4.295e-05
4.866e-05
4.258e-05
4.034e-05
4.174e-05
4.289e-05
4.118e-05
4.155e-05
4.194e-05
4.163e-05
4.197e-05
4.397e-05
4.508e-05
6.104e-05
5.370e-05
5.056e-05
5.344e-05
5.480e-05
5.090e-05
5.681e-05
5.722e-05
5.481e-05
5.100e-05
5.407e-05
5.404e-05
5.367e-05
6.030e-05
5.382e-05
5.065e-05
6.352e-05
5.482e-05
5.514e-05
5.852e-05
6.000e-05
5.536e-05
5.279e-05
5.383e-05
5.274e-05
5.654e-05
5.912e-05
5.953e-05
6.076e-05
5.741e-05
5.545e-05
5.615e-05
5.658e-05
5.228e-05
5.441e-05
5.170e-05
5.101e-05
5.317e-05
5.191e-05
5.962e-05
6.729e-05
5.825e-05
6.004e-05
5.886e-05
5.453e-05
5.704e-05
5.547e-05
5.660e-05
5.299e-05
5.496e-05
5.340e-05
6.315e-05
5.621e-05
5.735e-05
5.144e-05
5.607e-05
5.609e-05
5.705e-05
5.458e-05
1.984e-04
5.441e-05
6.728e-05
1.790e-04
5.522e-05
6.186e-05
5.911e-05
5.478e-05
5.235e-05
4.920e-05
5.544e-05
5.413e-05
5.109e-05
6.348e-05
6.711e-05
6.483e-05
6.390e-05
6.758e-05
6.355e-05
6.233e-05
5.293e-05
5.168e-05
5.131e-05
5.637e-05
5.988e-05
6.237e-05
6.184e-05
6.076e-05
5.526e-05
5.895e-05
5.715e-05
5.936e-05
5.363e-05
5.688e-05
5.607e-05
5.534e-05
6.365e-05
5.508e-05
6.040e-05
5.328e-05
5.324e-05
5.389e-05
5.630e-05
5.179e-05
6.059e-05
5.634e-05
6.029e-05
5.680e-05
5.824e-05
5.714e-05
5.672e-05
5.760e-05
5.543e-05
5.781e-05
6.641e-05
1.027e-04
5.342e-05
5.894e-05
6.218e-05
6.660e-05
6.708e-05
6.430e-05
6.482e-05
6.671e-05
6.650e-05
6.964e-05
6.196e-05
5.992e-05
6.446e-05
6.286e-05
5.858e-05
6.115e-05
6.091e-05
5.180e-05
4.474e-05
4.082e-05
4.903e-05
5.450e-05
5.232e-05
4.733e-05
3.913e-05
4.440e-05
6.258e-05
6.199e-05
6.539e-05
6.349e-05
6.560e-05
6.326e-05
6.270e-05
6.695e-05
6.659e-05
6.479e-05
6.335e-05
6.424e-05
6.404e-05
6.072e-05
5.145e-05
5.337e-05
5.368e-05
5.513e-05
5.900e-05
5.550e-05
7.267e-05
5.654e-05
5.722e-05
5.196e-05
8.375e-05
6.954e-05
5.591e-05
5.216e-05
5.002e-05
5.429e-05
5.145e-05
5.703e-05
4.982e-05
9.124e-05
6.487e-05
5.591e-05
5.535e-05
6.419e-05
5.067e-05
5.378e-05
5.384e-05
4.737e-05
5.611e-05
5.138e-05
4.660e-05
5.977e-05
6.234e-05
6.621e-05
6.513e-05
6.881e-05
7.287e-05
7.174e-05
7.017e-05
6.729e-05
7.659e-05
7.041e-05
6.595e-05
6.847e-05
6.815e-05
7.732e-05
6.729e-05
6.631e-05
6.801e-05
6.691e-05
6.633e-05
7.105e-05
6.626e-05
6.452e-05
6.799e-05
6.289e-05
6.125e-05
6.521e-05
7.401e-05
1.618e-04
7.786e-05
5.652e-05
5.676e-05
7.936e-05
6.769e-05
7.100e-05
7.023e-05
7.136e-05
6.942e-05
6.822e-05
7.216e-05
6.780e-05
7.101e-05
7.650e-05
7.037e-05
5.866e-05
6.591e-05
6.451e-05
6.524e-05
7.011e-05
6.000e-05
7.446e-05
7.265e-05
7.152e-05
7.463e-05
7.210e-05
7.851e-05
8.227e-05
7.126e-05
7.296e-05
6.815e-05
7.294e-05
7.117e-05
7.183e-05
6.859e-05
7.019e-05
7.173e-05
7.687e-05
7.306e-05
7.280e-05
7.213e-05
7.038e-05
7.347e-05
7.115e-05
6.837e-05
5.926e-05
7.125e-05
6.514e-05
7.219e-05
7.389e-05
7.397e-05
6.628e-05
6.493e-05
6.731e-05
7.147e-05
5.240e-05
5.747e-05
6.209e-05
4.804e-05
5.349e-05
5.140e-05
5.032e-05
4.934e-05
4.846e-05
5.144e-05
6.082e-05
5.351e-05
5.207e-05
4.796e-05
5.068e-05
6.265e-05
6.909e-05
6.812e-05
6.887e-05
6.528e-05
6.402e-05
6.920e-05
6.961e-05
7.019e-05
6.769e-05
6.884e-05
6.871e-05
7.155e-05
6.971e-05
6.956e-05
7.174e-05
6.601e-05
6.807e-05
6.937e-05
6.782e-05
7.295e-05
6.945e-05
6.650e-05
7.379e-05
7.035e-05
7.020e-05
6.933e-05
7.050e-05
6.660e-05
6.630e-05
6.394e-05
7.034e-05
7.467e-05
2.204e-04
9.363e-05
7.978e-05
7.305e-05
7.763e-05
7.552e-05
7.346e-05
6.935e-05
7.064e-05
7.648e-05
7.147e-05
6.891e-05
7.305e-05
7.067e-05
6.707e-05
6.830e-05
7.654e-05
6.638e-05
6.854e-05
6.863e-05
7.071e-05
6.947e-05
7.010e-05
6.810e-05
6.664e-05
6.553e-05
6.345e-05
6.192e-05
6.333e-05
6.346e-05
6.406e-05
6.606e-05
6.081e-05
5.947e-05
6.794e-05
6.310e-05
6.208e-05
6.389e-05
6.047e-05
6.142e-05
6.296e-05
6.557e-05
6.720e-05
6.628e-05
7.035e-05
5.969e-05
6.125e-05
7.042e-05
7.357e-05
7.220e-05
7.201e-05
8.109e-05
7.221e-05
7.373e-05
6.939e-05
7.850e-05
6.611e-05
6.332e-05
6.262e-05
6.891e-05
6.966e-05
6.990e-05
6.476e-05
6.706e-05
7.580e-05
7.008e-05
8.549e-05
6.420e-05
6.079e-05
6.392e-05
6.845e-05
6.737e-05
6.441e-05
6.076e-05
6.214e-05
6.550e-05
7.269e-05
6.061e-05
7.910e-05
6.013e-05
6.528e-05
7.039e-05
7.254e-05
7.516e-05
7.695e-05
7.723e-05
7.311e-05
6.555e-05
6.257e-05
6.475e-05
6.721e-05
6.513e-05
6.701e-05
1.643e-04
6.571e-05
6.841e-05
1.770e-04
6.909e-05
8.095e-05
7.594e-05
9.111e-05
7.607e-05
7.395e-05
6.909e-05
7.426e-05
7.694e-05
7.466e-05
7.168e-05
8.976e-05
8.608e-05
7.140e-05
7.632e-05
7.506e-05
6.811e-05
6.863e-05
7.892e-05
7.737e-05
8.180e-05
7.610e-05
8.650e-05
7.883e-05
7.755e-05
7.754e-05
8.305e-05
7.715e-05
7.879e-05
7.667e-05
7.380e-05
8.546e-05
7.394e-05
7.020e-05
6.695e-05
7.588e-05
7.246e-05
7.862e-05
7.362e-05
5.809e-05
5.595e-05
5.393e-05
6.076e-05
5.457e-05
5.277e-05
5.377e-05
5.609e-05
5.509e-05
5.489e-05
5.434e-05
5.530e-05
5.421e-05
5.573e-05
5.846e-05
1.749e-04
6.008e-05
5.348e-05
5.438e-05
5.532e-05
5.385e-05
5.479e-05
5.425e-05
5.372e-05
6.233e-05
5.533e-05
5.528e-05
5.702e-05
5.542e-05
5.406e-05
5.491e-05
5.508e-05
5.356e-05
5.763e-05
5.563e-05
5.432e-05
5.508e-05
5.387e-05
7.669e-05
7.717e-05
8.190e-05
7.067e-05
6.669e-05
6.884e-05
7.042e-05
7.016e-05
6.910e-05
6.827e-05
6.629e-05
6.551e-05
6.745e-05
6.822e-05
6.755e-05
8.081e-05
7.899e-05
8.489e-05
8.702e-05
7.839e-05
8.387e-05
8.292e-05
8.251e-05
7.924e-05
6.714e-05
7.313e-05
7.374e-05
7.762e-05
7.917e-05
3.084e-04
8.892e-05
8.439e-05
8.472e-05
8.174e-05
8.466e-05
8.369e-05
8.056e-05
8.619e-05
8.194e-05
8.375e-05
7.926e-05
8.023e-05
7.958e-05
8.197e-05
8.545e-05
8.307e-05
8.277e-05
8.194e-05
8.382e-05
8.360e-05
8.368e-05
8.421e-05
8.111e-05
7.645e-05
7.827e-05
8.439e-05
8.051e-05
8.433e-05
7.809e-05
7.700e-05
7.890e-05
7.724e-05
7.688e-05
8.595e-05
7.163e-05
7.443e-05
7.649e-05
7.985e-05
7.569e-05
7.956e-05
7.475e-05
7.726e-05
8.219e-05
7.201e-05
7.458e-05
7.805e-05
7.442e-05
8.459e-05
7.695e-05
7.389e-05
7.950e-05
8.010e-05
7.493e-05
7.486e-05
7.845e-05
9.023e-05
8.804e-05
8.427e-05
7.804e-05
7.345e-05
7.158e-05
7.684e-05
8.625e-05
7.996e-05
8.410e-05
8.374e-05
8.497e-05
8.817e-05
8.076e-05
8.522e-05
8.337e-05
8.376e-05
8.209e-05
8.729e-05
8.642e-05
8.559e-05
8.330e-05
8.933e-05
8.093e-05
8.102e-05
8.389e-05
8.323e-05
8.508e-05
8.084e-05
8.362e-05
8.214e-05
9.369e-05
8.995e-05
8.184e-05
8.521e-05
8.153e-05
8.325e-05
8.325e-05
7.928e-05
7.991e-05
7.798e-05
9.309e-05
7.587e-05
8.107e-05
7.926e-05
7.958e-05
8.509e-05
8.671e-05
8.318e-05
8.498e-05
8.664e-05
8.919e-05
8.405e-05
8.164e-05
8.639e-05
8.490e-05
8.518e-05
8.418e-05
8.239e-05
9.398e-05
9.033e-05
8.207e-05
8.607e-05
8.047e-05
9.257e-05
8.175e-05
8.520e-05
8.067e-05
7.726e-05
2.330e-04
1.012e-04
2.465e-04
8.739e-05
8.683e-05
8.483e-05
8.504e-05
8.380e-05
8.083e-05
8.846e-05
9.164e-05
9.445e-05
8.668e-05
8.326e-05
8.586e-05
8.614e-05
9.295e-05
8.682e-05
8.152e-05
8.361e-05
9.572e-05
8.965e-05
8.699e-05
1.639e-04
7.609e-05
7.639e-05
7.231e-05
8.417e-05
8.232e-05
7.671e-05
9.007e-05
7.987e-05
8.546e-05
7.999e-05
7.637e-05
8.110e-05
7.476e-05
8.543e-05
7.234e-05
7.467e-05
8.092e-05
7.988e-05
8.255e-05
7.711e-05
6.843e-05
1.886e-04
6.896e-05
7.295e-05
7.075e-05
7.423e-05
8.689e-05
8.337e-05
8.608e-05
8.638e-05
8.436e-05
7.974e-05
7.510e-05
7.976e-05
8.005e-05
8.526e-05
7.901e-05
7.550e-05
7.492e-05
8.320e-05
7.882e-05
7.775e-05
7.704e-05
7.335e-05
8.137e-05
8.200e-05
7.925e-05
8.085e-05
8.202e-05
8.360e-05
8.996e-05
9.348e-05
8.131e-05
7.437e-05
8.123e-05
8.237e-05
8.247e-05
7.252e-05
7.250e-05
8.041e-05
8.617e-05
8.346e-05
7.367e-05
7.636e-05
8.058e-05
7.738e-05
9.820e-05
2.959e-04
8.146e-05
8.291e-05
9.184e-05
8.769e-05
9.021e-05
7.733e-05
7.699e-05
9.303e-05
8.197e-05
8.607e-05
7.654e-05
7.823e-05
7.365e-05
8.514e-05
8.327e-05
7.949e-05
7.283e-05
7.137e-05
7.484e-05
7.871e-05
8.126e-05
8.192e-05
8.714e-05
7.015e-05
6.948e-05
7.626e-05
7.999e-05
8.592e-05
8.093e-05
7.969e-05
7.173e-05
7.392e-05
8.080e-05
8.233e-05
7.976e-05
8.365e-05
8.406e-05
8.505e-05
8.475e-05
8.130e-05
8.250e-05
9.960e-05
8.334e-05
8.257e-05
8.551e-05
8.101e-05
8.485e-05
8.289e-05
8.350e-05
8.621e-05
8.508e-05
8.417e-05
7.948e-05
8.531e-05
8.259e-05
8.405e-05
7.762e-05
7.972e-05
8.070e-05
8.604e-05
8.363e-05
8.320e-05
8.186e-05
8.221e-05
8.619e-05
8.551e-05
2.548e-04
1.460e-04
8.974e-05
7.587e-05
8.060e-05
8.641e-05
8.506e-05
8.744e-05
8.481e-05
9.107e-05
8.547e-05
9.388e-05
8.444e-05
8.622e-05
8.357e-05
9.291e-05
8.418e-05
8.644e-05
8.509e-05
8.369e-05
8.965e-05
8.361e-05
8.322e-05
8.265e-05
8.414e-05
7.919e-05
8.460e-05
8.231e-05
8.393e-05
8.756e-05
8.491e-05
8.267e-05
8.252e-05
8.199e-05
8.333e-05
8.544e-05
8.240e-05
8.382e-05
8.699e-05
8.347e-05
8.186e-05
8.573e-05
8.316e-05
7.960e-05
8.022e-05
8.537e-05
8.694e-05
8.532e-05
8.232e-05
8.072e-05
7.774e-05
8.117e-05
8.129e-05
7.800e-05
8.026e-05
7.945e-05
8.488e-05
7.946e-05
8.860e-05
9.191e-05
3.071e-04
1.004e-04
9.463e-05
9.045e-05
9.104e-05
8.880e-05
8.367e-05
8.969e-05
8.562e-05
8.880e-05
8.943e-05
9.242e-05
8.504e-05
8.832e-05
8.780e-05
8.679e-05
8.351e-05
8.262e-05
8.656e-05
9.439e-05
8.732e-05
8.490e-05
8.374e-05
8.822e-05
8.666e-05
8.000e-05
8.372e-05
8.299e-05
8.065e-05
8.241e-05
8.684e-05
8.346e-05
8.887e-05
8.950e-05
8.495e-05
8.097e-05
8.661e-05
8.494e-05
8.542e-05
8.183e-05
8.959e-05
8.753e-05
9.580e-05
8.761e-05
8.950e-05
8.630e-05
8.956e-05
8.759e-05
8.400e-05
9.236e-05
9.363e-05
8.871e-05
8.566e-05
8.653e-05
8.682e-05
8.924e-05
8.819e-05
8.865e-05
8.661e-05
8.584e-05
8.693e-05
8.903e-05
8.059e-05
8.776e-05
8.179e-05
8.559e-05
8.365e-05
9.390e-05
8.697e-05
9.048e-05
8.929e-05
9.139e-05
8.889e-05
8.920e-05
9.038e-05
9.094e-05
9.271e-05
8.906e-05
7.663e-05
7.998e-05
2.008e-04
8.755e-05
1.892e-04
1.082e-04
1.005e-04
9.086e-05
9.275e-05
9.198e-05
9.243e-05
9.317e-05
9.438e-05
9.675e-05
9.433e-05
9.996e-05
9.306e-05
8.691e-05
7.865e-05
8.360e-05
8.062e-05
8.109e-05
8.409e-05
8.012e-05
8.920e-05
8.210e-05
7.963e-05
8.495e-05
8.981e-05
1.912e-04
9.917e-05
9.545e-05
9.663e-05
9.386e-05
7.930e-05
9.036e-05
8.971e-05
8.830e-05
9.651e-05
1.098e-04
1.001e-04
9.598e-05
9.395e-05
9.291e-05
9.334e-05
9.498e-05
9.840e-05
9.543e-05
9.332e-05
9.145e-05
9.442e-05
9.482e-05
8.822e-05
9.271e-05
8.738e-05
8.986e-05
8.975e-05
9.056e-05
9.319e-05
9.183e-05
8.942e-05
9.224e-05
9.165e-05
9.264e-05
9.081e-05
9.136e-05
9.393e-05
9.055e-05
9.043e-05
8.555e-05
8.556e-05
8.699e-05
8.437e-05
9.432e-05
9.216e-05
9.581e-05
9.780e-05
9.817e-05
3.167e-04
9.874e-05
1.050e-04
9.896e-05
8.886e-05
9.562e-05
9.093e-05
8.762e-05
9.440e-05
9.928e-05
9.686e-05
9.881e-05
9.641e-05
1.020e-04
1.013e-04
9.300e-05
9.853e-05
9.624e-05
9.430e-05
9.399e-05
8.901e-05
8.660e-05
1.005e-04
8.073e-05
6.076e-05
6.064e-05
6.517e-05
6.022e-05
6.001e-05
6.009e-05
6.287e-05
6.025e-05
6.585e-05
5.816e-05
5.881e-05
5.935e-05
5.848e-05
5.892e-05
5.856e-05
5.962e-05
5.872e-05
5.903e-05
6.559e-05
5.648e-05
6.307e-05
5.685e-05
5.406e-05
5.782e-05
5.504e-05
5.593e-05
5.474e-05
5.578e-05
5.458e-05
5.662e-05
5.542e-05
5.603e-05
5.737e-05
5.578e-05
6.073e-05
5.445e-05
5.419e-05
5.417e-05
5.969e-05
5.470e-05
5.660e-05
5.603e-05
5.381e-05
5.599e-05
5.767e-05
5.949e-05
5.917e-05
5.992e-05
6.148e-05
5.916e-05
6.355e-05
6.007e-05
5.930e-05
6.071e-05
5.900e-05
6.090e-05
6.139e-05
5.946e-05
5.940e-05
6.180e-05
5.876e-05
6.112e-05
5.867e-05
6.143e-05
5.933e-05
6.384e-05
5.963e-05
6.162e-05
5.948e-05
6.617e-05
5.925e-05
5.702e-05
5.871e-05
5.952e-05
5.785e-05
5.781e-05
5.870e-05
5.626e-05
6.735e-05
6.218e-05
6.156e-05
6.792e-05
6.263e-05
7.585e-05
6.358e-05
6.186e-05
6.366e-05
5.973e-05
6.108e-05
6.339e-05
6.005e-05
6.128e-05
6.143e-05
6.100e-05
6.289e-05
5.712e-05
6.096e-05
5.946e-05
5.870e-05
5.946e-05
5.721e-05
5.750e-05
5.892e-05
5.882e-05
5.634e-05
5.939e-05
5.727e-05
6.035e-05
5.613e-05
5.849e-05
5.848e-05
6.190e-05
5.747e-05
5.714e-05
8.814e-05
9.324e-05
5.490e-05
5.638e-05
7.984e-05
9.899e-05
1.035e-04
1.040e-04
1.007e-04
1.025e-04
1.012e-04
1.040e-04
9.914e-05
1.001e-04
9.869e-05
9.407e-05
9.990e-05
9.865e-05
8.445e-05
8.892e-05
9.643e-05
8.717e-05
1.126e-04
1.033e-04
1.084e-04
1.029e-04
1.052e-04
1.003e-04
1.038e-04
9.968e-05
1.072e-04
1.055e-04
1.163e-04
1.067e-04
1.093e-04
1.083e-04
1.058e-04
1.077e-04
1.111e-04
1.075e-04
1.115e-04
1.076e-04
1.127e-04
1.097e-04
1.031e-04
1.057e-04
1.110e-04
1.069e-04
1.080e-04
8.701e-05
1.162e-04
1.159e-04
1.178e-04
1.130e-04
1.101e-04
1.093e-04
1.143e-04
1.074e-04
1.096e-04
1.080e-04
1.105e-04
1.046e-04
1.107e-04
1.125e-04
1.132e-04
1.075e-04
1.086e-04
1.085e-04
1.143e-04
1.027e-04
1.010e-04
1.100e-04
1.032e-04
1.054e-04
1.055e-04
1.104e-04
1.088e-04
1.074e-04
1.057e-04
1.081e-04
1.065e-04
1.065e-04
1.055e-04
1.071e-04
1.096e-04
1.112e-04
1.194e-04
1.157e-04
1.112e-04
1.160e-04
1.095e-04
1.076e-04
1.067e-04
1.086e-04
1.138e-04
1.180e-04
1.084e-04
1.101e-04
1.195e-04
1.111e-04
1.100e-04
1.091e-04
1.085e-04
1.106e-04
9.961e-05
1.062e-04
1.069e-04
1.121e-04
1.095e-04
1.103e-04
1.101e-04
1.110e-04
1.051e-04
1.072e-04
1.088e-04
1.072e-04
1.125e-04
1.108e-04
1.224e-04
1.124e-04
1.135e-04
1.134e-04
1.087e-04
1.189e-04
2.203e-04
1.168e-04
2.534e-04
1.209e-04
1.144e-04
1.195e-04
1.229e-04
1.255e-04
1.193e-04
1.203e-04
1.262e-04
1.185e-04
1.209e-04
1.148e-04
1.209e-04
1.174e-04
1.279e-04
1.155e-04
1.218e-04
1.101e-04
1.150e-04
1.139e-04
1.191e-04
1.160e-04
1.153e-04
1.231e-04
1.158e-04
1.096e-04
1.227e-04
3.384e-04
1.205e-04
1.158e-04
1.175e-04
1.265e-04
1.114e-04
1.133e-04
1.180e-04
1.190e-04
1.156e-04
1.064e-04
1.178e-04
1.181e-04
1.128e-04
1.156e-04
1.199e-04
1.117e-04
1.114e-04
1.009e-04
6.757e-05
7.134e-05
6.915e-05
6.953e-05
7.256e-05
6.907e-05
6.956e-05
6.914e-05
7.204e-05
6.620e-05
6.281e-05
6.418e-05
6.362e-05
6.426e-05
6.366e-05
6.451e-05
6.522e-05
5.865e-05
6.327e-05
6.073e-05
1.758e-04
1.824e-04
9.884e-05
7.737e-05
7.063e-05
7.089e-05
7.045e-05
7.119e-05
7.294e-05
7.077e-05
7.451e-05
7.248e-05
7.184e-05
7.088e-05
7.117e-05
7.092e-05
7.044e-05
8.517e-05
6.753e-05
7.740e-05
8.115e-05
7.933e-05
6.592e-05
6.834e-05
6.644e-05
6.669e-05
6.865e-05
6.720e-05
6.739e-05
6.522e-05
6.421e-05
6.254e-05
6.351e-05
6.354e-05
6.581e-05
6.437e-05
6.956e-05
6.158e-05
6.189e-05
6.365e-05
6.114e-05
6.169e-05
7.039e-05
6.221e-05
6.165e-05
6.333e-05
6.168e-05
6.136e-05
6.144e-05
6.090e-05
6.410e-05
5.979e-05
6.470e-05
7.330e-05
5.893e-05
6.239e-05
7.182e-05
5.961e-05
5.817e-05
6.327e-05
6.723e-05
6.912e-05
6.818e-05
6.789e-05
7.150e-05
6.828e-05
7.082e-05
7.299e-05
7.126e-05
6.736e-05
7.753e-05
6.834e-05
7.585e-05
7.042e-05
7.090e-05
7.083e-05
6.984e-05
7.519e-05
6.970e-05
7.300e-05
7.122e-05
7.376e-05
7.973e-05
7.079e-05
7.017e-05
6.898e-05
7.296e-05
6.872e-05
6.968e-05
7.076e-05
7.103e-05
7.186e-05
6.434e-05
6.430e-05
6.645e-05
6.597e-05
6.580e-05
6.643e-05
6.521e-05
6.670e-05
6.630e-05
6.722e-05
6.827e-05
6.958e-05
6.732e-05
7.158e-05
7.129e-05
6.661e-05
6.523e-05
6.939e-05
6.533e-05
6.799e-05
6.739e-05
6.847e-05
6.612e-05
6.627e-05
7.302e-05
6.663e-05
6.582e-05
7.066e-05
6.702e-05
7.336e-05
6.724e-05
6.813e-05
6.864e-05
6.472e-05
6.329e-05
6.415e-05
6.325e-05
6.438e-05
6.475e-05
6.400e-05
5.905e-05
6.080e-05
5.921e-05
5.815e-05
5.906e-05
5.809e-05
6.176e-05
5.822e-05
5.961e-05
5.880e-05
6.344e-05
5.795e-05
5.810e-05
5.830e-05
6.009e-05
7.123e-05
6.996e-05
6.671e-05
6.592e-05
6.667e-05
6.705e-05
7.233e-05
6.794e-05
6.708e-05
6.891e-05
6.690e-05
6.436e-05
5.826e-05
6.179e-05
5.995e-05
5.736e-05
6.177e-05
5.857e-05
6.039e-05
6.665e-05
5.808e-05
6.027e-05
5.836e-05
5.899e-05
5.901e-05
5.965e-05
5.880e-05
5.722e-05
5.943e-05
5.596e-05
6.032e-05
5.897e-05
6.259e-05
6.052e-05
5.888e-05
6.129e-05
5.670e-05
5.740e-05
6.672e-05
5.914e-05
5.834e-05
5.799e-05
6.118e-05
5.977e-05
5.944e-05
5.986e-05
5.984e-05
5.823e-05
6.300e-05
6.380e-05
6.523e-05
6.213e-05
6.331e-05
6.282e-05
6.582e-05
6.335e-05
6.380e-05
7.033e-05
5.929e-05
5.989e-05
6.020e-05
6.094e-05
5.910e-05
6.302e-05
6.218e-05
6.084e-05
6.026e-05
6.034e-05
6.072e-05
6.116e-05
5.921e-05
6.204e-05
6.057e-05
6.167e-05
6.081e-05
5.884e-05
6.139e-05
6.219e-05
6.346e-05
5.640e-05
6.086e-05
5.911e-05
5.953e-05
6.030e-05
5.890e-05
6.234e-05
6.086e-05
6.152e-05
6.144e-05
6.122e-05
6.444e-05
6.487e-05
6.494e-05
6.247e-05
6.023e-05
6.254e-05
6.711e-05
6.657e-05
6.658e-05
6.536e-05
6.855e-05
6.335e-05
7.787e-05
7.042e-05
9.659e-05
6.449e-05
7.025e-05
6.767e-05
6.554e-05
6.323e-05
6.470e-05
6.378e-05
6.528e-05
6.556e-05
7.049e-05
6.142e-05
6.006e-05
6.204e-05
6.144e-05
6.179e-05
6.207e-05
6.282e-05
6.347e-05
6.047e-05
6.121e-05
6.184e-05
5.813e-05
6.012e-05
6.180e-05
6.115e-05
6.161e-05
6.104e-05
6.245e-05
6.158e-05
6.235e-05
6.301e-05
6.127e-05
6.223e-05
6.374e-05
6.096e-05
7.074e-05
5.885e-05
6.095e-05
6.255e-05
5.989e-05
6.112e-05
6.093e-05
6.055e-05
5.807e-05
6.093e-05
6.805e-05
6.240e-05
6.260e-05
6.459e-05
6.328e-05
6.266e-05
7.672e-05
6.686e-05
6.430e-05
6.182e-05
6.224e-05
6.174e-05
7.662e-05
6.279e-05
6.723e-05
7.166e-05
6.939e-05
6.983e-05
6.865e-05
7.012e-05
7.113e-05
6.673e-05
6.243e-05
6.197e-05
6.301e-05
6.317e-05
6.230e-05
6.422e-05
6.205e-05
6.196e-05
6.299e-05
6.331e-05
6.458e-05
6.164e-05
6.427e-05
6.289e-05
6.181e-05
6.290e-05
6.008e-05
6.212e-05
6.376e-05
6.335e-05
6.222e-05
6.210e-05
6.162e-05
6.081e-05
6.054e-05
6.202e-05
6.985e-05
5.998e-05
6.064e-05
6.004e-05
6.283e-05
6.559e-05
6.592e-05
6.769e-05
6.406e-05
6.503e-05
6.503e-05
6.545e-05
6.831e-05
6.658e-05
6.540e-05
6.455e-05
6.269e-05
6.564e-05
1.944e-04
1.584e-04
6.992e-05
7.266e-05
7.505e-05
7.035e-05
7.205e-05
7.156e-05
7.073e-05
7.445e-05
6.807e-05
6.743e-05
7.392e-05
8.115e-05
6.796e-05
6.907e-05
6.980e-05
7.152e-05
6.899e-05
7.126e-05
6.859e-05
6.733e-05
6.932e-05
7.007e-05
7.083e-05
7.072e-05
6.989e-05
7.010e-05
7.517e-05
7.073e-05
7.369e-05
6.908e-05
7.739e-05
7.020e-05
7.045e-05
6.997e-05
6.945e-05
8.125e-05
7.633e-05
7.381e-05
7.424e-05
7.489e-05
7.458e-05
7.499e-05
7.352e-05
7.289e-05
7.268e-05
7.094e-05
7.080e-05
2.438e-04
7.970e-05
8.295e-05
7.398e-05
7.531e-05
8.008e-05
7.636e-05
7.882e-05
8.574e-05
8.152e-05
8.342e-05
8.055e-05
8.306e-05
8.325e-05
8.179e-05
8.394e-05
8.626e-05
8.110e-05
7.715e-05
7.649e-05
7.816e-05
7.652e-05
7.893e-05
7.896e-05
7.784e-05
7.768e-05
7.774e-05
8.454e-05
7.732e-05
7.350e-05
1.978e-04
2.099e-04
8.332e-05
7.841e-05
7.870e-05
8.033e-05
7.882e-05
7.926e-05
8.094e-05
7.386e-05
7.321e-05
7.534e-05
7.498e-05
7.232e-05
7.531e-05
7.480e-05
7.347e-05
7.155e-05
7.113e-05
7.309e-05
8.031e-05
6.974e-05
7.075e-05
6.981e-05
7.117e-05
7.692e-05
7.034e-05
7.028e-05
6.892e-05
6.516e-05
8.788e-05
6.835e-05
7.093e-05
7.080e-05
7.880e-05
7.726e-05
7.675e-05
7.714e-05
8.344e-05
8.399e-05
7.517e-05
7.805e-05
7.575e-05
7.732e-05
7.761e-05
7.650e-05
8.086e-05
8.144e-05
7.941e-05
7.485e-05
7.565e-05
7.372e-05
7.695e-05
7.498e-05
7.562e-05
7.481e-05
7.622e-05
7.429e-05
7.543e-05
7.323e-05
7.246e-05
7.776e-05
7.162e-05
6.989e-05
6.843e-05
7.069e-05
7.076e-05
7.120e-05
6.992e-05
7.144e-05
6.998e-05
1.750e-04
8.967e-05
9.058e-05
9.186e-05
8.884e-05
9.182e-05
9.032e-05
9.189e-05
7.535e-05
7.626e-05
7.652e-05
7.617e-05
7.447e-05
7.582e-05
7.624e-05
7.216e-05
7.284e-05
7.353e-05
7.195e-05
7.381e-05
7.280e-05
7.950e-05
7.182e-05
7.338e-05
7.272e-05
7.693e-05
7.151e-05
7.435e-05
7.855e-05
7.599e-05
7.438e-05
7.660e-05
7.449e-05
7.599e-05
7.921e-05
7.265e-05
7.723e-05
7.349e-05
7.472e-05
7.592e-05
7.431e-05
7.263e-05
7.174e-05
7.166e-05
7.303e-05
7.184e-05
7.203e-05
8.005e-05
6.934e-05
7.466e-05
6.987e-05
6.994e-05
7.143e-05
7.236e-05
7.214e-05
7.155e-05
7.420e-05
7.059e-05
6.969e-05
8.342e-05
7.807e-05
7.617e-05
7.890e-05
7.713e-05
7.589e-05
7.988e-05
7.593e-05
7.588e-05
7.443e-05
7.476e-05
7.367e-05
8.010e-05
7.263e-05
7.361e-05
7.377e-05
7.295e-05
7.638e-05
7.313e-05
7.484e-05
7.509e-05
7.928e-05
7.713e-05
7.485e-05
7.728e-05
8.018e-05
7.324e-05
7.665e-05
7.785e-05
7.530e-05
7.689e-05
7.605e-05
7.124e-05
7.521e-05
7.180e-05
7.111e-05
7.368e-05
7.363e-05
7.152e-05
7.334e-05
7.296e-05
7.175e-05
6.857e-05
7.099e-05
7.220e-05
7.195e-05
7.291e-05
7.190e-05
7.165e-05
6.890e-05
6.953e-05
7.393e-05
7.067e-05
7.677e-05
7.497e-05
7.259e-05
7.391e-05
7.550e-05
7.160e-05
7.074e-05
7.514e-05
7.697e-05
7.842e-05
7.921e-05
7.684e-05
8.030e-05
9.552e-05
1.002e-04
9.113e-05
9.155e-05
9.450e-05
9.339e-05
9.164e-05
9.274e-05
1.194e-04
2.092e-04
9.315e-05
9.016e-05
8.988e-05
8.798e-05
8.959e-05
8.751e-05
8.795e-05
8.957e-05
8.765e-05
9.286e-05
9.188e-05
9.753e-05
8.826e-05
8.761e-05
8.688e-05
8.761e-05
8.626e-05
1.102e-04
8.403e-05
8.562e-05
8.797e-05
9.050e-05
9.045e-05
9.058e-05
9.335e-05
9.061e-05
8.978e-05
9.285e-05
9.013e-05
9.125e-05
9.412e-05
1.002e-04
9.025e-05
9.168e-05
9.220e-05
9.155e-05
9.276e-05
8.965e-05
9.138e-05
8.638e-05
8.551e-05
8.789e-05
8.621e-05
1.099e-04
8.535e-05
7.919e-05
7.887e-05
7.914e-05
7.851e-05
7.906e-05
7.868e-05
8.779e-05
7.915e-05
7.730e-05
7.954e-05
7.936e-05
7.802e-05
7.973e-05
7.712e-05
7.613e-05
7.890e-05
7.926e-05
7.843e-05
8.692e-05
9.134e-05
8.359e-05
8.605e-05
8.431e-05
8.289e-05
8.317e-05
8.401e-05
8.340e-05
8.584e-05
8.648e-05
7.237e-05
8.073e-05
8.384e-05
7.273e-05
7.836e-05
7.771e-05
7.742e-05
7.780e-05
7.795e-05
7.652e-05
7.810e-05
7.999e-05
7.142e-05
9.381e-05
7.810e-05
7.710e-05
7.758e-05
8.128e-05
7.623e-05
7.632e-05
9.358e-05
8.680e-05
8.723e-05
8.852e-05
9.692e-05
2.256e-04
9.797e-05
8.667e-05
2.779e-04
9.473e-05
9.026e-05
9.747e-05
9.086e-05
9.148e-05
8.961e-05
9.538e-05
8.543e-05
8.066e-05
8.151e-05
8.408e-05
8.564e-05
8.332e-05
9.362e-05
9.109e-05
8.388e-05
8.506e-05
7.710e-05
7.772e-05
8.157e-05
8.220e-05
7.633e-05
7.802e-05
7.960e-05
1.014e-04
8.594e-05
8.292e-05
8.545e-05
8.551e-05
8.806e-05
7.843e-05
7.842e-05
7.900e-05
7.793e-05
7.683e-05
7.595e-05
8.371e-05
7.496e-05
7.529e-05
7.627e-05
7.636e-05
7.578e-05
7.493e-05
7.445e-05
2.718e-04
1.332e-04
8.433e-05
8.070e-05
7.956e-05
8.414e-05
9.364e-05
7.461e-05
7.619e-05
7.932e-05
7.608e-05
8.522e-05
1.082e-04
8.001e-05
9.726e-05
2.199e-04
9.156e-05
8.544e-05
8.498e-05
8.675e-05
8.615e-05
8.672e-05
9.560e-05
8.556e-05
8.570e-05
8.691e-05
7.800e-05
7.684e-05
7.870e-05
7.650e-05
7.862e-05
7.979e-05
7.755e-05
8.671e-05
7.790e-05
7.673e-05
7.575e-05
7.587e-05
7.499e-05
7.629e-05
7.602e-05
7.572e-05
7.413e-05
7.810e-05
7.455e-05
7.723e-05
8.599e-05
7.794e-05
7.708e-05
7.998e-05
7.742e-05
7.656e-05
7.909e-05
7.730e-05
7.699e-05
7.940e-05
7.447e-05
7.572e-05
8.500e-05
7.656e-05
9.338e-05
8.773e-05
7.855e-05
7.918e-05
8.099e-05
7.969e-05
7.903e-05
8.519e-05
7.451e-05
7.508e-05
8.445e-05
7.452e-05
7.547e-05
8.913e-05
6.849e-05
7.085e-05
7.217e-05
7.010e-05
7.342e-05
7.370e-05
7.158e-05
7.845e-05
8.681e-05
9.520e-05
8.801e-05
8.671e-05
8.964e-05
8.640e-05
8.717e-05
8.851e-05
8.520e-05
8.827e-05
8.367e-05
8.316e-05
8.884e-05
8.321e-05
8.346e-05
7.948e-05
8.268e-05
8.006e-05
8.135e-05
8.046e-05
8.495e-05
7.772e-05
8.021e-05
8.774e-05
7.866e-05
8.549e-05
7.603e-05
7.676e-05
7.728e-05
7.768e-05
7.821e-05
8.119e-05
7.977e-05
8.209e-05
8.248e-05
8.714e-05
7.861e-05
7.940e-05
7.779e-05
7.897e-05
8.004e-05
8.050e-05
7.781e-05
7.896e-05
7.874e-05
7.814e-05
8.058e-05
7.960e-05
7.774e-05
8.681e-05
7.679e-05
7.762e-05
7.722e-05
7.858e-05
8.649e-05
7.964e-05
7.735e-05
7.807e-05
7.650e-05
7.821e-05
8.495e-05
9.054e-05
8.326e-05
8.505e-05
8.435e-05
8.319e-05
8.393e-05
8.601e-05
8.187e-05
8.112e-05
8.423e-05
8.764e-05
8.352e-05
8.080e-05
7.831e-05
8.074e-05
8.312e-05
8.297e-05
8.234e-05
8.073e-05
8.224e-05
8.600e-05
8.213e-05
8.020e-05
7.844e-05
7.987e-05
7.784e-05
8.147e-05
8.000e-05
7.813e-05
8.061e-05
7.926e-05
7.985e-05
8.161e-05
7.830e-05
8.898e-05
8.022e-05
8.317e-05
7.483e-05
7.744e-05
7.858e-05
7.789e-05
7.635e-05
8.216e-05
7.667e-05
7.549e-05
7.509e-05
1.008e-04
7.600e-05
8.532e-05
7.623e-05
8.191e-05
8.182e-05
7.905e-05
8.600e-05
7.632e-05
7.635e-05
8.420e-05
8.390e-05
8.202e-05
8.569e-05
8.160e-05
8.014e-05
8.129e-05
8.088e-05
8.009e-05
7.884e-05
8.484e-05
9.372e-05
8.752e-05
9.562e-05
8.676e-05
8.886e-05
8.804e-05
8.784e-05
8.281e-05
8.072e-05
8.174e-05
8.044e-05
8.194e-05
8.413e-05
8.624e-05
7.896e-05
7.767e-05
7.952e-05
7.826e-05
7.954e-05
7.814e-05
7.825e-05
7.920e-05
7.986e-05
7.854e-05
7.902e-05
8.760e-05
7.974e-05
7.977e-05
7.761e-05
7.863e-05
8.016e-05
7.952e-05
7.815e-05
8.042e-05
7.991e-05
7.928e-05
8.015e-05
8.395e-05
7.579e-05
8.064e-05
7.912e-05
7.853e-05
8.759e-05
8.966e-05
8.818e-05
8.820e-05
8.885e-05
8.830e-05
9.546e-05
8.681e-05
8.391e-05
9.309e-05
8.180e-05
8.643e-05
8.395e-05
8.391e-05
8.467e-05
8.206e-05
8.090e-05
8.369e-05
7.902e-05
8.158e-05
8.537e-05
7.946e-05
7.963e-05
7.812e-05
7.684e-05
7.608e-05
7.797e-05
9.513e-05
8.609e-05
9.475e-05
8.567e-05
8.482e-05
8.512e-05
8.318e-05
8.486e-05
8.375e-05
8.512e-05
8.683e-05
9.231e-05
8.564e-05
9.499e-05
9.066e-05
8.581e-05
8.679e-05
9.261e-05
8.211e-05
8.261e-05
8.106e-05
8.474e-05
8.234e-05
8.146e-05
8.749e-05
8.137e-05
8.084e-05
7.996e-05
8.136e-05
8.192e-05
8.574e-05
8.113e-05
8.276e-05
8.978e-05
8.262e-05
8.457e-05
1.030e-04
7.935e-05
7.921e-05
8.322e-05
8.281e-05
8.096e-05
8.996e-05
9.974e-05
9.105e-05
7.920e-05
9.055e-05
9.527e-05
8.735e-05
8.408e-05
2.309e-04
1.641e-04
1.215e-04
9.487e-05
9.980e-05
9.325e-05
9.445e-05
9.049e-05
9.170e-05
9.134e-05
8.932e-05
8.867e-05
1.050e-04
9.391e-05
1.060e-04
9.496e-05
9.430e-05
9.566e-05
9.336e-05
9.174e-05
9.309e-05
9.970e-05
8.783e-05
8.853e-05
9.938e-05
9.058e-05
8.858e-05
8.762e-05
8.939e-05
8.726e-05
8.681e-05
8.581e-05
9.258e-05
8.941e-05
8.564e-05
9.944e-05
8.899e-05
8.726e-05
8.933e-05
9.010e-05
8.960e-05
9.063e-05
8.798e-05
8.910e-05
8.538e-05
3.698e-04
9.572e-05
9.259e-05
9.343e-05
9.389e-05
9.532e-05
9.340e-05
9.484e-05
9.725e-05
9.103e-05
9.421e-05
9.265e-05
9.232e-05
9.307e-05
9.449e-05
9.319e-05
8.469e-05
8.681e-05
9.583e-05
8.652e-05
8.896e-05
8.393e-05
8.061e-05
8.282e-05
8.119e-05
8.176e-05
8.309e-05
8.170e-05
8.434e-05
7.911e-05
8.055e-05
7.740e-05
7.563e-05
7.708e-05
7.767e-05
7.978e-05
7.822e-05
8.013e-05
7.764e-05
7.769e-05
7.933e-05
7.746e-05
7.913e-05
8.432e-05
7.525e-05
7.377e-05
7.640e-05
7.678e-05
7.880e-05
7.758e-05
7.828e-05
8.710e-05
8.211e-05
8.230e-05
8.545e-05
8.126e-05
7.966e-05
8.299e-05
8.101e-05
8.450e-05
8.211e-05
8.170e-05
8.306e-05
8.349e-05
7.985e-05
8.617e-05
8.291e-05
8.413e-05
8.346e-05
8.223e-05
8.574e-05
8.235e-05
8.267e-05
8.709e-05
8.200e-05
8.050e-05
8.273e-05
8.527e-05
8.030e-05
8.105e-05
7.898e-05
8.120e-05
7.801e-05
8.053e-05
8.034e-05
7.816e-05
7.883e-05
8.190e-05
7.967e-05
8.032e-05
8.546e-05
7.891e-05
7.854e-05
8.160e-05
7.805e-05
7.898e-05
7.969e-05
7.951e-05
8.007e-05
8.103e-05
7.943e-05
8.178e-05
8.045e-05
7.935e-05
8.179e-05
7.925e-05
7.916e-05
7.910e-05
8.068e-05
8.177e-05
7.771e-05
8.080e-05
7.876e-05
8.179e-05
8.004e-05
8.245e-05
8.040e-05
8.287e-05
7.983e-05
8.264e-05
8.089e-05
8.102e-05
7.867e-05
7.941e-05
8.233e-05
8.046e-05
8.267e-05
7.984e-05
8.038e-05
8.164e-05
8.064e-05
8.238e-05
7.991e-05
8.089e-05
8.087e-05
8.060e-05
8.233e-05
8.176e-05
8.615e-05
7.999e-05
8.135e-05
8.002e-05
8.036e-05
8.018e-05
7.896e-05
7.981e-05
8.056e-05
8.059e-05
8.418e-05
8.121e-05
8.009e-05
8.012e-05
8.113e-05
8.034e-05
8.174e-05
8.031e-05
8.210e-05
7.995e-05
8.223e-05
8.018e-05
8.483e-05
8.006e-05
8.190e-05
8.112e-05
8.279e-05
7.933e-05
8.192e-05
8.000e-05
8.437e-05
7.996e-05
8.094e-05
8.008e-05
8.293e-05
8.389e-05
8.014e-05
8.215e-05
8.094e-05
9.198e-05
8.659e-05
8.847e-05
8.643e-05
8.938e-05
8.719e-05
8.797e-05
8.947e-05
8.795e-05
8.927e-05
8.458e-05
8.455e-05
8.486e-05
8.596e-05
8.835e-05
8.821e-05
8.525e-05
8.762e-05
8.494e-05
8.193e-05
8.386e-05
8.506e-05
9.704e-05
8.992e-05
8.890e-05
9.244e-05
9.049e-05
9.406e-05
8.737e-05
8.521e-05
8.636e-05
8.725e-05
9.181e-05
8.395e-05
8.320e-05
8.398e-05
8.706e-05
8.374e-05
8.198e-05
8.317e-05
8.178e-05
8.165e-05
8.215e-05
8.252e-05
8.001e-05
8.156e-05
8.528e-05
8.110e-05
8.206e-05
9.708e-05
8.760e-05
9.187e-05
9.820e-05
8.889e-05
8.829e-05
8.771e-05
8.783e-05
8.924e-05
9.113e-05
9.215e-05
8.941e-05
9.131e-05
8.790e-05
8.910e-05
8.955e-05
8.579e-05
8.701e-05
8.682e-05
8.589e-05
8.679e-05
8.622e-05
1.065e-04
9.314e-05
9.044e-05
9.226e-05
9.197e-05
9.036e-05
9.355e-05
9.132e-05
9.203e-05
9.668e-05
8.868e-05
9.163e-05
8.893e-05
8.937e-05
9.443e-05
9.041e-05
8.721e-05
8.899e-05
8.920e-05
9.089e-05
8.525e-05
8.726e-05
9.030e-05
9.173e-05
8.650e-05
8.642e-05
8.642e-05
8.697e-05
8.472e-05
8.705e-05
8.767e-05
8.700e-05
8.662e-05
9.083e-05
8.467e-05
8.674e-05
8.566e-05
8.503e-05
8.253e-05
8.138e-05
8.347e-05
8.289e-05
8.080e-05
8.254e-05
8.038e-05
8.712e-05
8.932e-05
8.650e-05
8.857e-05
8.712e-05
8.706e-05
9.273e-05
8.797e-05
8.684e-05
8.975e-05
9.261e-05
8.914e-05
9.064e-05
9.600e-05
9.358e-05
9.529e-05
9.502e-05
9.416e-05
9.216e-05
9.381e-05
9.116e-05
9.652e-05
9.995e-05
9.187e-05
9.176e-05
9.206e-05
9.444e-05
1.006e-04
8.726e-05
8.669e-05
8.713e-05
2.506e-04
2.239e-04
9.565e-05
9.110e-05
9.170e-05
9.221e-05
9.000e-05
9.738e-05
9.303e-05
8.712e-05
8.776e-05
8.785e-05
9.046e-05
9.327e-05
8.938e-05
9.033e-05
9.017e-05
8.932e-05
8.985e-05
8.635e-05
8.807e-05
9.101e-05
8.980e-05
9.098e-05
8.783e-05
8.571e-05
8.402e-05
8.959e-05
9.331e-05
9.330e-05
8.868e-05
1.000e-04
8.944e-05
9.118e-05
8.785e-05
8.922e-05
8.795e-05
9.141e-05
8.931e-05
8.662e-05
9.660e-05
2.041e-04
9.858e-05
8.711e-05
8.944e-05
8.800e-05
9.091e-05
8.736e-05
8.990e-05
1.030e-04
9.515e-05
9.386e-05
9.493e-05
9.529e-05
9.675e-05
9.911e-05
9.218e-05
9.062e-05
9.607e-05
9.316e-05
9.290e-05
9.301e-05
9.554e-05
8.977e-05
8.903e-05
9.008e-05
8.876e-05
9.309e-05
9.038e-05
9.755e-05
9.049e-05
8.662e-05
8.567e-05
1.005e-04
9.638e-05
9.796e-05
9.617e-05
9.593e-05
1.116e-04
9.116e-05
9.349e-05
1.096e-04
9.133e-05
8.729e-05
8.634e-05
8.475e-05
9.134e-05
8.869e-05
9.969e-05
8.851e-05
8.724e-05
1.082e-04
8.548e-05
8.625e-05
8.707e-05
8.862e-05
8.718e-05
8.728e-05
8.257e-05
9.003e-05
8.378e-05
8.392e-05
8.415e-05
8.985e-05
8.753e-05
8.791e-05
8.852e-05
8.570e-05
8.790e-05
8.712e-05
9.518e-05
9.513e-05
8.316e-05
8.554e-05
8.498e-05
8.623e-05
8.768e-05
8.541e-05
8.428e-05
8.446e-05
8.621e-05
9.587e-05
8.599e-05
8.729e-05
8.447e-05
8.320e-05
9.218e-05
8.817e-05
8.913e-05
9.000e-05
8.851e-05
9.125e-05
9.881e-05
9.036e-05
8.728e-05
8.950e-05
9.027e-05
9.319e-05
9.703e-05
9.065e-05
8.586e-05
8.575e-05
9.547e-05
8.637e-05
8.512e-05
8.677e-05
8.314e-05
8.632e-05
8.610e-05
8.733e-05
8.638e-05
8.598e-05
8.560e-05
9.416e-05
8.201e-05
8.756e-05
8.286e-05
8.476e-05
8.302e-05
8.325e-05
8.411e-05
8.363e-05
8.418e-05
8.467e-05
8.719e-05
9.497e-05
8.457e-05
8.720e-05
8.605e-05
8.617e-05
8.717e-05
8.501e-05
8.613e-05
8.643e-05
8.705e-05
8.506e-05
9.410e-05
8.758e-05
8.636e-05
8.534e-05
8.770e-05
8.790e-05
8.671e-05
8.862e-05
8.477e-05
8.498e-05
8.385e-05
9.311e-05
8.500e-05
8.551e-05
9.712e-05
8.874e-05
9.019e-05
8.898e-05
8.730e-05
8.921e-05
8.900e-05
1.183e-04
1.403e-04
8.995e-05
8.779e-05
8.777e-05
9.117e-05
9.129e-05
8.849e-05
9.037e-05
9.533e-05
8.542e-05
8.666e-05
8.584e-05
8.635e-05
8.587e-05
8.586e-05
8.903e-05
8.701e-05
8.482e-05
8.305e-05
8.624e-05
8.741e-05
9.465e-05
8.665e-05
8.541e-05
9.489e-05
8.812e-05
8.960e-05
8.981e-05
8.891e-05
9.116e-05
8.462e-05
9.549e-05
8.585e-05
8.740e-05
8.356e-05
8.747e-05
9.476e-05
8.843e-05
9.009e-05
8.995e-05
9.096e-05
9.408e-05
9.577e-05
8.730e-05
9.234e-05
8.912e-05
9.204e-05
8.747e-05
8.735e-05
8.714e-05
9.499e-05
9.144e-05
8.845e-05
9.731e-05
9.098e-05
1.033e-04
1.058e-04
9.546e-05
9.623e-05
9.507e-05
9.561e-05
9.980e-05
9.105e-05
1.022e-04
9.399e-05
9.724e-05
9.308e-05
9.192e-05
8.905e-05
9.079e-05
8.916e-05
8.847e-05
8.676e-05
1.137e-04
9.806e-05
9.595e-05
9.780e-05
1.145e-04
9.827e-05
9.381e-05
9.638e-05
1.051e-04
9.765e-05
1.071e-04
1.021e-04
9.814e-05
9.845e-05
9.750e-05
9.370e-05
9.564e-05
9.610e-05
9.647e-05
9.990e-05
9.928e-05
9.292e-05
9.360e-05
9.395e-05
9.680e-05
9.517e-05
9.327e-05
9.419e-05
9.601e-05
9.029e-05
1.015e-04
8.863e-05
8.518e-05
8.600e-05
1.028e-04
9.749e-05
1.116e-04
1.060e-04
9.599e-05
1.167e-04
1.013e-04
9.912e-05
9.913e-05
1.013e-04
9.590e-05
9.599e-05
9.612e-05
9.483e-05
1.026e-04
1.024e-04
1.051e-04
9.436e-05
9.445e-05
9.417e-05
9.391e-05
9.415e-05
9.446e-05
9.656e-05
9.395e-05
1.144e-04
9.753e-05
9.686e-05
1.019e-04
9.857e-05
1.011e-04
1.000e-04
9.909e-05
1.014e-04
1.097e-04
1.006e-04
9.921e-05
9.788e-05
1.003e-04
2.360e-04
1.191e-04
2.618e-04
1.059e-04
1.063e-04
1.043e-04
1.050e-04
1.103e-04
1.048e-04
1.068e-04
1.298e-04
1.291e-04
1.176e-04
1.083e-04
1.067e-04
1.022e-04
1.021e-04
1.024e-04
1.028e-04
9.943e-05
1.140e-04
1.003e-04
9.796e-05
9.561e-05
9.749e-05
9.796e-05
9.841e-05
9.206e-05
9.064e-05
9.279e-05
1.010e-04
9.266e-05
9.252e-05
8.909e-05
3.866e-04
1.049e-04
9.783e-05
1.067e-04
1.008e-04
9.741e-05
9.656e-05
1.140e-04
1.057e-04
1.055e-04
1.050e-04
1.052e-04
1.155e-04
1.035e-04
9.190e-05
9.478e-05
8.971e-05
9.183e-05
9.259e-05
9.320e-05
9.414e-05
9.244e-05
9.890e-05
9.261e-05
9.859e-05
9.973e-05
8.857e-05
9.216e-05
9.312e-05
9.285e-05
9.296e-05
1.014e-04
1.069e-04
9.861e-05
9.931e-05
9.805e-05
9.928e-05
9.282e-05
9.338e-05
9.339e-05
9.244e-05
9.324e-05
1.007e-04
9.279e-05
9.514e-05
9.214e-05
9.187e-05
1.066e-04
9.290e-05
9.316e-05
9.463e-05
9.199e-05
1.050e-04
1.014e-04
9.907e-05
9.637e-05
9.642e-05
9.526e-05
9.505e-05
9.012e-05
9.175e-05
9.171e-05
1.006e-04
9.561e-05
9.428e-05
9.448e-05
9.449e-05
9.399e-05
9.458e-05
9.336e-05
9.529e-05
9.485e-05
1.024e-04
9.509e-05
9.472e-05
9.936e-05
9.283e-05
9.337e-05
1.095e-04
9.056e-05
9.234e-05
9.516e-05
1.052e-04
9.766e-05
9.640e-05
9.896e-05
9.629e-05
9.593e-05
9.914e-05
9.783e-05
9.698e-05
1.028e-04
1.021e-04
9.905e-05
9.517e-05
9.403e-05
9.533e-05
9.848e-05
9.456e-05
9.461e-05
9.369e-05
9.408e-05
1.026e-04
9.503e-05
9.375e-05
9.502e-05
9.479e-05
9.584e-05
9.311e-05
9.351e-05
9.442e-05
9.565e-05
1.045e-04
9.505e-05
9.470e-05
9.384e-05
9.638e-05
9.304e-05
9.452e-05
9.749e-05
9.450e-05
9.560e-05
1.044e-04
9.450e-05
1.000e-04
9.115e-05
1.000e-04
9.940e-05
8.868e-05
9.160e-05
9.086e-05
1.099e-04
1.024e-04
9.676e-05
9.214e-05
9.631e-05
9.472e-05
9.292e-05
9.447e-05
9.287e-05
9.358e-05
9.494e-05
1.009e-04
9.282e-05
9.199e-05
9.175e-05
9.320e-05
9.380e-05
9.138e-05
1.013e-04
9.074e-05
8.941e-05
8.975e-05
1.004e-04
9.324e-05
9.418e-05
9.242e-05
9.137e-05
9.081e-05
9.207e-05
9.447e-05
9.445e-05
9.096e-05
9.782e-05
9.336e-05
9.350e-05
9.429e-05
9.365e-05
9.329e-05
9.234e-05
9.356e-05
9.304e-05
9.229e-05
9.870e-05
1.006e-04
9.488e-05
9.244e-05
1.061e-04
9.867e-05
1.032e-04
9.532e-05
9.666e-05
9.683e-05
1.096e-04
9.789e-05
1.032e-04
1.030e-04
9.678e-05
9.693e-05
9.509e-05
9.311e-05
9.718e-05
9.495e-05
1.035e-04
9.493e-05
9.227e-05
9.303e-05
9.184e-05
9.831e-05
9.232e-05
9.343e-05
9.277e-05
9.464e-05
1.030e-04
9.571e-05
9.513e-05
9.636e-05
9.609e-05
9.456e-05
9.719e-05
9.762e-05
9.213e-05
9.725e-05
1.028e-04
1.008e-04
9.341e-05
9.310e-05
9.087e-05
9.399e-05
1.146e-04
9.329e-05
9.649e-05
9.567e-05
1.047e-04
1.064e-04
9.872e-05
9.875e-05
9.932e-05
9.712e-05
9.937e-05
1.068e-04
9.765e-05
9.667e-05
1.068e-04
9.671e-05
9.792e-05
9.566e-05
9.513e-05
1.048e-04
9.838e-05
9.559e-05
1.028e-04
1.078e-04
9.979e-05
1.050e-04
9.546e-05
9.535e-05
9.616e-05
9.632e-05
9.452e-05
9.616e-05
9.922e-05
1.006e-04
9.816e-05
9.308e-05
9.385e-05
9.423e-05
9.286e-05
9.366e-05
9.370e-05
9.366e-05
9.364e-05
1.006e-04
9.349e-05
9.319e-05
9.363e-05
9.605e-05
9.559e-05
9.710e-05
9.397e-05
9.571e-05
9.823e-05
1.039e-04
9.801e-05
9.666e-05
1.016e-04
9.389e-05
9.726e-05
9.610e-05
9.469e-05
9.602e-05
9.594e-05
2.467e-04
2.927e-04
1.087e-04
1.025e-04
1.033e-04
1.074e-04
1.282e-04
1.174e-04
1.078e-04
1.189e-04
1.104e-04
1.085e-04
1.080e-04
1.083e-04
1.066e-04
1.084e-04
1.009e-04
1.009e-04
1.017e-04
1.012e-04
9.746e-05
1.001e-04
9.688e-05
9.941e-05
1.063e-04
9.845e-05
9.686e-05
9.874e-05
9.907e-05
9.791e-05
9.738e-05
9.906e-05
1.085e-04
9.784e-05
1.068e-04
9.698e-05
9.770e-05
9.824e-05
9.835e-05
9.464e-05
9.614e-05
2.048e-04
1.097e-04
1.097e-04
1.224e-04
1.065e-04
1.014e-04
1.030e-04
1.003e-04
1.016e-04
1.010e-04
1.007e-04
1.130e-04
1.043e-04
1.078e-04
1.043e-04
1.039e-04
9.940e-05
1.016e-04
9.921e-05
1.011e-04
1.079e-04
1.129e-04
1.101e-04
1.100e-04
1.092e-04
1.111e-04
1.088e-04
1.076e-04
1.006e-04
1.100e-04
1.014e-04
1.050e-04
9.802e-05
9.982e-05
9.982e-05
9.721e-05
9.913e-05
9.942e-05
9.881e-05
1.040e-04
1.027e-04
2.090e-04
1.210e-04
1.144e-04
1.391e-04
1.163e-04
1.207e-04
1.103e-04
1.105e-04
1.092e-04
1.095e-04
1.048e-04
1.055e-04
1.044e-04
1.170e-04
1.178e-04
1.100e-04
1.131e-04
1.070e-04
1.054e-04
1.128e-04
1.067e-04
1.103e-04
1.069e-04
1.160e-04
1.076e-04
1.093e-04
1.064e-04
1.016e-04
1.022e-04
1.031e-04
9.879e-05
9.791e-05
1.073e-04
1.045e-04
9.749e-05
1.002e-04
9.833e-05
1.004e-04
9.929e-05
9.894e-05
9.989e-05
1.005e-04
1.080e-04
9.947e-05
9.979e-05
1.009e-04
9.995e-05
9.899e-05
1.011e-04
9.888e-05
1.074e-04
1.104e-04
1.024e-04
1.025e-04
1.034e-04
9.950e-05
1.007e-04
9.942e-05
9.854e-05
1.113e-04
1.020e-04
1.135e-04
1.019e-04
1.044e-04
1.002e-04
1.002e-04
1.027e-04
1.003e-04
9.874e-05
1.055e-04
1.318e-04
1.057e-04
1.121e-04
1.112e-04
1.094e-04
1.135e-04
1.142e-04
1.050e-04
1.051e-04
1.161e-04
1.064e-04
1.062e-04
1.076e-04
1.093e-04
1.099e-04
1.090e-04
1.103e-04
1.031e-04
1.137e-04
1.033e-04
1.012e-04
1.002e-04
1.006e-04
1.024e-04
9.883e-05
1.010e-04
1.008e-04
1.099e-04
9.841e-05
1.018e-04
1.029e-04
1.018e-04
1.040e-04
1.023e-04
1.019e-04
1.087e-04
1.144e-04
1.079e-04
1.025e-04
1.083e-04
1.066e-04
1.081e-04
1.052e-04
1.025e-04
1.114e-04
1.117e-04
1.161e-04
1.011e-04
1.159e-04
1.053e-04
1.061e-04
1.049e-04
1.036e-04
1.055e-04
1.134e-04
1.043e-04
1.044e-04
1.040e-04
1.041e-04
1.033e-04
1.016e-04
1.015e-04
1.018e-04
1.009e-04
1.105e-04
1.017e-04
1.016e-04
1.018e-04
1.021e-04
1.018e-04
1.028e-04
1.020e-04
1.016e-04
1.097e-04
1.070e-04
1.038e-04
1.016e-04
1.122e-04
1.095e-04
1.066e-04
1.057e-04
1.086e-04
1.194e-04
1.070e-04
1.031e-04
1.028e-04
1.131e-04
1.077e-04
1.066e-04
1.113e-04
1.115e-04
1.166e-04
1.172e-04
1.021e-04
9.864e-05
9.999e-05
1.068e-04
1.394e-04
1.162e-04
1.171e-04
1.284e-04
1.146e-04
1.168e-04
1.149e-04
1.165e-04
1.172e-04
1.173e-04
1.203e-04
1.279e-04
1.272e-04
1.184e-04
1.142e-04
1.142e-04
1.156e-04
1.426e-04
1.747e-04
1.754e-04
1.772e-04
1.689e-04
1.452e-04
1.119e-04
1.384e-04
1.421e-04
1.771e-04
1.798e-04
1.802e-04
1.698e-04
1.759e-04
1.096e-04
1.087e-04
1.071e-04
1.051e-04
1.015e-04
1.025e-04
1.079e-04
1.119e-04
1.215e-04
1.082e-04
9.887e-05
1.007e-04
9.916e-05
1.007e-04
1.006e-04
1.008e-04
1.140e-04
1.106e-04
9.994e-05
1.016e-04
1.014e-04
1.023e-04
1.876e-04
1.276e-04
2.590e-04
1.116e-04
1.126e-04
1.042e-04
1.069e-04
1.071e-04
1.058e-04
1.059e-04
1.177e-04
1.153e-04
1.134e-04
1.107e-04
1.109e-04
1.141e-04
1.128e-04
1.075e-04
9.789e-05
1.016e-04
1.118e-04
1.087e-04
9.890e-05
1.106e-04
1.052e-04
1.057e-04
1.055e-04
1.029e-04
9.929e-05
2.422e-04
1.287e-04
1.282e-04
1.259e-04
1.110e-04
1.175e-04
1.113e-04
1.213e-04
1.112e-04
1.095e-04
1.076e-04
1.055e-04
1.069e-04
1.067e-04
1.126e-04
1.084e-04
1.112e-04
1.003e-04
1.028e-04
1.036e-04
1.051e-04
1.049e-04
1.132e-04
1.084e-04
1.040e-04
1.136e-04
1.152e-04
1.103e-04
1.087e-04
1.107e-04
1.075e-04
1.093e-04
1.106e-04
1.240e-04
1.110e-04
1.159e-04
1.143e-04
1.132e-04
1.074e-04
1.067e-04
1.091e-04
1.150e-04
1.278e-04
1.078e-04
1.076e-04
1.082e-04
1.100e-04
1.187e-04
1.120e-04
1.022e-04
1.050e-04
1.201e-04
1.077e-04
1.091e-04
1.079e-04
1.156e-04
1.151e-04
1.104e-04
1.115e-04
1.113e-04
1.198e-04
4.109e-04
1.341e-04
1.105e-04
1.115e-04
1.219e-04
1.102e-04
1.127e-04
1.106e-04
1.144e-04
1.100e-04
1.131e-04
1.128e-04
1.073e-04
1.195e-04
1.078e-04
1.075e-04
1.082e-04
1.162e-04
1.095e-04
1.104e-04
1.062e-04
1.136e-04
1.115e-04
1.074e-04
1.062e-04
1.061e-04
1.174e-04
1.120e-04
1.111e-04
1.125e-04
1.435e-04
1.575e-04
1.060e-04
1.064e-04
1.129e-04
1.071e-04
1.072e-04
1.169e-04
1.122e-04
1.267e-04
1.131e-04
1.132e-04
1.076e-04
1.123e-04
1.077e-04
1.068e-04
1.071e-04
1.226e-04
1.060e-04
1.073e-04
1.070e-04
1.075e-04
1.118e-04
1.079e-04
1.082e-04
1.041e-04
1.211e-04
1.044e-04
1.046e-04
1.069e-04
1.107e-04
1.056e-04
1.041e-04
1.049e-04
1.058e-04
1.186e-04
1.090e-04
1.242e-04
1.077e-04
1.132e-04
1.071e-04
1.087e-04
1.040e-04
1.081e-04
1.124e-04
1.026e-04
1.093e-04
1.134e-04
1.122e-04
1.048e-04
1.070e-04
1.072e-04
1.144e-04
1.168e-04
1.047e-04
1.086e-04
1.156e-04
1.048e-04
1.045e-04
1.023e-04
1.097e-04
1.060e-04
1.220e-04
1.139e-04
1.150e-04
1.212e-04
1.180e-04
1.206e-04
1.059e-04
1.126e-04
1.168e-04
1.051e-04
1.095e-04
1.089e-04
1.065e-04
1.151e-04
1.121e-04
1.128e-04
1.173e-04
1.162e-04
1.088e-04
1.089e-04
1.131e-04
1.066e-04
1.054e-04
1.043e-04
1.128e-04
1.087e-04
1.182e-04
1.081e-04
1.138e-04
1.065e-04
1.065e-04
1.121e-04
1.403e-04
1.110e-04
1.220e-04
1.163e-04
1.095e-04
1.151e-04
1.281e-04
1.295e-04
1.255e-04
1.313e-04
1.350e-04
1.303e-04
1.201e-04
1.237e-04
1.210e-04
1.217e-04
1.205e-04
1.209e-04
1.335e-04
1.174e-04
1.165e-04
1.198e-04
1.262e-04
1.145e-04
1.148e-04
1.145e-04
1.233e-04
1.073e-04
1.083e-04
1.079e-04
1.104e-04
1.273e-04
1.205e-04
1.324e-04
1.209e-04
1.336e-04
1.215e-04
1.347e-04
1.268e-04
1.261e-04
1.238e-04
1.257e-04
1.442e-04
1.332e-04
1.122e-04
1.218e-04
1.339e-04
1.187e-04
1.248e-04
1.305e-04
1.239e-04
1.151e-04
1.332e-04
1.185e-04
1.193e-04
1.190e-04
2.852e-04
3.340e-04
1.412e-04
1.356e-04
1.350e-04
1.344e-04
1.412e-04
1.232e-04
1.230e-04
1.266e-04
1.250e-04
1.251e-04
1.302e-04
1.209e-04
1.287e-04
1.372e-04
1.178e-04
1.305e-04
1.214e-04
1.215e-04
1.225e-04
1.219e-04
1.261e-04
1.178e-04
1.369e-04
1.105e-04
1.107e-04
1.114e-04
1.106e-04
1.279e-04
1.286e-04
3.853e-04
1.304e-04
1.328e-04
1.378e-04
1.499e-04
1.415e-04
1.366e-04
1.370e-04
1.345e-04
1.327e-04
1.324e-04
1.411e-04
1.384e-04
2.473e-04
1.400e-04
1.447e-04
1.228e-04
1.230e-04
1.319e-04
1.260e-04
1.213e-04
1.095e-04
1.094e-04
1.094e-04
1.112e-04
1.241e-04
1.338e-04
1.287e-04
1.305e-04
1.304e-04
1.277e-04
1.331e-04
1.235e-04
1.350e-04
1.402e-04
1.185e-04
1.218e-04
1.209e-04
1.226e-04
1.259e-04
1.239e-04
1.324e-04
1.337e-04
1.191e-04
1.185e-04
1.165e-04
1.156e-04
1.188e-04
1.249e-04
1.339e-04
1.221e-04
1.219e-04
1.234e-04
1.245e-04
1.225e-04
1.246e-04
1.164e-04
1.259e-04
1.187e-04
1.211e-04
1.102e-04
1.147e-04
1.134e-04
1.159e-04
1.201e-04
1.288e-04
1.169e-04
1.185e-04
1.182e-04
1.152e-04
1.135e-04
1.148e-04
1.120e-04
1.360e-04
1.131e-04
1.109e-04
1.140e-04
1.273e-04
1.264e-04
1.320e-04
1.295e-04
1.349e-04
1.232e-04
1.216e-04
1.216e-04
1.240e-04
1.175e-04
1.162e-04
1.147e-04
1.202e-04
1.161e-04
1.129e-04
1.121e-04
1.132e-04
1.138e-04
1.141e-04
1.122e-04
1.129e-04
1.213e-04
1.129e-04
1.129e-04
1.126e-04
1.219e-04
1.130e-04
1.145e-04
1.228e-04
1.281e-04
1.370e-04
1.184e-04
1.279e-04
1.218e-04
1.241e-04
1.221e-04
1.263e-04
1.260e-04
1.187e-04
1.265e-04
1.200e-04
1.210e-04
1.221e-04
1.223e-04
1.252e-04
1.283e-04
1.167e-04
1.146e-04
1.179e-04
1.161e-04
1.123e-04
1.195e-04
1.147e-04
1.214e-04
1.140e-04
1.160e-04
1.129e-04
1.131e-04
1.136e-04
1.132e-04
1.117e-04
1.174e-04
1.218e-04
1.142e-04
1.265e-04
1.240e-04
1.241e-04
1.220e-04
1.225e-04
1.410e-04
1.198e-04
1.206e-04
1.187e-04
1.351e-04
1.299e-04
1.331e-04
1.304e-04
1.428e-04
1.241e-04
1.242e-04
1.227e-04
1.332e-04
1.329e-04
1.204e-04
1.304e-04
1.310e-04
1.224e-04
1.227e-04
1.244e-04
1.218e-04
1.223e-04
1.209e-04
1.272e-04
1.360e-04
1.269e-04
1.437e-04
1.188e-04
1.183e-04
1.223e-04
1.195e-04
1.291e-04
1.209e-04
1.210e-04
1.202e-04
1.218e-04
1.186e-04
1.263e-04
1.170e-04
1.260e-04
1.178e-04
1.164e-04
1.174e-04
1.175e-04
1.140e-04
1.197e-04
1.159e-04
1.344e-04
1.190e-04
1.197e-04
1.193e-04
1.224e-04
1.232e-04
1.133e-04
1.217e-04
1.240e-04
1.216e-04
1.195e-04
1.203e-04
1.214e-04
1.228e-04
1.163e-04
1.181e-04
1.278e-04
1.202e-04
1.179e-04
1.173e-04
1.195e-04
1.177e-04
1.256e-04
1.221e-04
1.323e-04
1.250e-04
1.108e-04
1.153e-04
1.140e-04
1.110e-04
1.098e-04
1.115e-04
1.353e-04
1.237e-04
1.258e-04
1.269e-04
1.259e-04
3.048e-04
3.736e-04
1.310e-04
1.443e-04
1.379e-04
1.391e-04
1.381e-04
1.444e-04
1.494e-04
1.385e-04
1.320e-04
1.274e-04
1.312e-04
1.269e-04
1.370e-04
1.379e-04
1.331e-04
1.322e-04
1.304e-04
1.322e-04
1.304e-04
1.309e-04
1.223e-04
1.250e-04
1.237e-04
3.476e-04
1.378e-04
1.455e-04
1.727e-04
2.810e-04
1.458e-04
1.275e-04
1.266e-04
1.384e-04
1.299e-04
1.256e-04
1.177e-04
1.174e-04
1.154e-04
1.163e-04
1.167e-04
1.231e-04
1.152e-04
1.219e-04
1.183e-04
1.215e-04
1.239e-04
1.160e-04
1.155e-04
1.217e-04
1.210e-04
1.242e-04
1.287e-04
1.261e-04
1.218e-04
1.198e-04
1.212e-04
1.399e-04
4.271e-04
1.481e-04
1.554e-04
1.590e-04
1.464e-04
1.334e-04
1.353e-04
1.322e-04
1.328e-04
1.324e-04
1.324e-04
1.226e-04
1.240e-04
1.158e-04
1.196e-04
1.173e-04
1.225e-04
1.171e-04
1.282e-04
1.199e-04
1.450e-04
1.374e-04
1.238e-04
1.250e-04
1.338e-04
1.450e-04
1.457e-04
1.335e-04
1.330e-04
1.349e-04
1.364e-04
1.397e-04
1.403e-04
1.501e-04
1.424e-04
1.407e-04
1.537e-04
1.510e-04
1.547e-04
1.581e-04
1.500e-04
1.496e-04
1.485e-04
1.475e-04
1.510e-04
1.637e-04
1.450e-04
1.402e-04
1.399e-04
1.379e-04
1.421e-04
1.426e-04
1.730e-04
1.562e-04
1.534e-04
1.476e-04
1.505e-04
1.492e-04
1.642e-04
1.516e-04
1.545e-04
1.345e-04
1.320e-04
1.310e-04
1.291e-04
1.432e-04
1.270e-04
1.269e-04
1.277e-04
1.283e-04
1.272e-04
1.269e-04
1.262e-04
1.388e-04
1.249e-04
1.235e-04
1.221e-04
1.234e-04
1.238e-04
1.208e-04
1.167e-04
1.261e-04
1.436e-04
1.218e-04
1.218e-04
1.197e-04
1.225e-04
1.257e-04
1.526e-04
1.429e-04
1.436e-04
1.418e-04
1.387e-04
1.273e-04
1.284e-04
1.408e-04
1.179e-04
1.195e-04
1.161e-04
1.157e-04
1.321e-04
1.141e-04
1.184e-04
1.262e-04
1.350e-04
1.308e-04
1.340e-04
1.292e-04
1.319e-04
1.219e-04
1.241e-04
1.313e-04
1.337e-04
1.155e-04
1.206e-04
1.185e-04
1.221e-04
1.277e-04
1.392e-04
1.282e-04
1.266e-04
1.221e-04
1.242e-04
1.327e-04
1.347e-04
1.232e-04
1.303e-04
1.232e-04
1.193e-04
1.364e-04
1.285e-04
1.284e-04
1.264e-04
1.226e-04
1.296e-04
1.218e-04
1.183e-04
1.229e-04
1.159e-04
1.164e-04
1.150e-04
1.255e-04
1.287e-04
1.355e-04
1.301e-04
1.300e-04
1.276e-04
1.248e-04
1.243e-04
1.412e-04
1.319e-04
1.320e-04
1.320e-04
1.331e-04
1.322e-04
1.441e-04
1.451e-04
1.494e-04
1.405e-04
1.410e-04
1.407e-04
1.415e-04
1.313e-04
1.335e-04
1.320e-04
1.296e-04
1.348e-04
1.307e-04
1.305e-04
1.279e-04
1.231e-04
1.443e-04
1.550e-04
1.377e-04
1.466e-04
1.321e-04
1.369e-04
1.597e-04
1.508e-04
1.667e-04
1.493e-04
1.602e-04
3.302e-04
1.499e-04
1.516e-04
1.525e-04
1.518e-04
1.551e-04
1.547e-04
1.451e-04
1.411e-04
1.388e-04
1.417e-04
1.333e-04
1.332e-04
1.342e-04
1.482e-04
1.362e-04
1.332e-04
1.316e-04
3.038e-04
1.717e-04
1.445e-04
1.474e-04
1.491e-04
1.473e-04
1.533e-04
1.514e-04
1.604e-04
1.427e-04
1.240e-04
1.267e-04
1.385e-04
1.282e-04
1.259e-04
1.401e-04
1.331e-04
1.333e-04
1.340e-04
1.346e-04
1.346e-04
1.294e-04
1.370e-04
1.367e-04
4.174e-04
1.408e-04
1.365e-04
1.475e-04
1.418e-04
1.346e-04
1.332e-04
1.336e-04
1.323e-04
1.312e-04
1.316e-04
1.255e-04
1.268e-04
1.317e-04
1.319e-04
1.413e-04
1.369e-04
1.316e-04
1.312e-04
1.213e-04
1.203e-04
1.299e-04
1.282e-04
1.271e-04
1.307e-04
1.427e-04
1.267e-04
1.238e-04
1.226e-04
1.240e-04
1.255e-04
1.391e-04
1.390e-04
1.459e-04
1.397e-04
1.356e-04
1.308e-04
1.300e-04
1.333e-04
1.323e-04
1.359e-04
1.300e-04
1.357e-04
1.254e-04
1.261e-04
1.241e-04
1.273e-04
1.317e-04
1.371e-04
1.264e-04
1.382e-04
1.304e-04
1.424e-04
1.318e-04
1.310e-04
1.524e-04
1.451e-04
1.457e-04
1.398e-04
1.393e-04
1.421e-04
1.330e-04
1.395e-04
1.359e-04
1.436e-04
1.301e-04
1.278e-04
1.258e-04
1.289e-04
1.426e-04
1.318e-04
1.309e-04
1.354e-04
1.340e-04
1.217e-04
1.223e-04
1.332e-04
1.303e-04
1.270e-04
1.301e-04
1.280e-04
1.236e-04
1.243e-04
1.255e-04
1.404e-04
1.328e-04
1.287e-04
1.287e-04
1.285e-04
1.272e-04
1.291e-04
1.304e-04
1.256e-04
1.214e-04
1.267e-04
1.306e-04
1.451e-04
1.320e-04
1.280e-04
1.392e-04
1.437e-04
1.253e-04
1.201e-04
1.358e-04
1.412e-04
1.297e-04
1.566e-04
1.592e-04
1.561e-04
1.554e-04
1.536e-04
1.516e-04
1.597e-04
1.801e-04
1.717e-04
1.718e-04
1.552e-04
2.074e-04
2.137e-04
1.596e-04
1.480e-04
1.486e-04
1.499e-04
1.473e-04
1.558e-04
1.421e-04
1.453e-04
1.434e-04
1.460e-04
1.405e-04
1.766e-04
1.396e-04
1.399e-04
1.446e-04
1.382e-04
1.369e-04
1.354e-04
1.715e-04
1.448e-04
1.341e-04
1.330e-04
1.353e-04
1.350e-04
1.364e-04
1.375e-04
1.313e-04
1.310e-04
1.299e-04
1.390e-04
1.288e-04
1.338e-04
1.273e-04
1.347e-04
1.314e-04
1.305e-04
1.536e-04
1.385e-04
1.361e-04
1.378e-04
1.428e-04
1.371e-04
1.360e-04
1.289e-04
1.281e-04
1.303e-04
1.237e-04
1.343e-04
1.261e-04
1.253e-04
1.242e-04
1.228e-04
1.198e-04
1.196e-04
1.506e-04
1.329e-04
1.289e-04
1.802e-04
1.770e-04
1.327e-04
1.318e-04
1.407e-04
1.365e-04
2.441e-04
1.434e-04
3.040e-04
1.545e-04
1.394e-04
1.394e-04
1.385e-04
1.365e-04
1.386e-04
1.452e-04
1.495e-04
1.504e-04
1.298e-04
1.286e-04
1.272e-04
1.279e-04
1.246e-04
1.287e-04
1.201e-04
1.218e-04
1.300e-04
1.313e-04
1.306e-04
1.411e-04
3.673e-04
1.322e-04
1.425e-04
1.375e-04
1.490e-04
1.307e-04
1.419e-04
1.615e-04
1.382e-04
1.382e-04
1.395e-04
1.397e-04
1.277e-04
1.362e-04
1.330e-04
1.392e-04
1.268e-04
1.270e-04
1.287e-04
1.272e-04
1.299e-04
1.328e-04
1.277e-04
1.350e-04
1.294e-04
1.289e-04
1.305e-04
1.261e-04
1.351e-04
1.272e-04
1.303e-04
1.275e-04
1.277e-04
1.305e-04
1.369e-04
1.281e-04
1.374e-04
1.295e-04
1.277e-04
1.253e-04
1.376e-04
1.350e-04
1.372e-04
1.659e-04
3.945e-04
1.478e-04
1.560e-04
1.475e-04
1.596e-04
1.484e-04
1.346e-04
1.371e-04
1.364e-04
1.355e-04
1.378e-04
1.408e-04
1.340e-04
1.320e-04
1.536e-04
1.320e-04
1.331e-04
1.428e-04
1.462e-04
1.395e-04
1.373e-04
1.285e-04
1.282e-04
1.320e-04
1.270e-04
1.332e-04
1.303e-04
1.313e-04
1.302e-04
1.283e-04
1.282e-04
1.283e-04
1.354e-04
1.267e-04
1.505e-04
1.302e-04
1.301e-04
1.309e-04
1.293e-04
1.415e-04
1.368e-04
1.328e-04
1.369e-04
1.365e-04
1.361e-04
1.291e-04
1.262e-04
1.359e-04
1.257e-04
1.273e-04
1.270e-04
1.274e-04
1.278e-04
1.282e-04
1.376e-04
1.324e-04
1.254e-04
1.347e-04
1.337e-04
1.335e-04
1.326e-04
1.327e-04
1.352e-04
1.269e-04
1.430e-04
1.374e-04
1.404e-04
1.465e-04
1.339e-04
1.421e-04
1.343e-04
1.284e-04
1.231e-04
1.393e-04
1.733e-04
1.410e-04
1.403e-04
1.371e-04
1.295e-04
1.362e-04
1.274e-04
1.290e-04
1.298e-04
1.472e-04
1.381e-04
1.444e-04
1.417e-04
1.415e-04
1.446e-04
1.489e-04
1.304e-04
1.235e-04
1.237e-04
1.240e-04
1.264e-04
1.425e-04
1.470e-04
1.523e-04
1.259e-04
1.261e-04
1.247e-04
1.257e-04
1.245e-04
1.228e-04
1.212e-04
1.302e-04
1.212e-04
1.201e-04
1.385e-04
1.306e-04
1.323e-04
1.288e-04
1.582e-04
1.679e-04
1.304e-04
1.424e-04
1.386e-04
1.358e-04
1.348e-04
1.492e-04
1.393e-04
1.390e-04
1.350e-04
1.355e-04
1.375e-04
1.341e-04
1.432e-04
1.354e-04
1.343e-04
1.285e-04
1.275e-04
1.304e-04
1.325e-04
1.380e-04
1.344e-04
1.307e-04
1.310e-04
1.320e-04
1.283e-04
1.293e-04
1.304e-04
1.423e-04
1.602e-04
1.399e-04
1.367e-04
1.363e-04
1.298e-04
1.307e-04
1.572e-04
1.748e-04
1.681e-04
1.637e-04
1.494e-04
1.535e-04
1.717e-04
1.482e-04
1.681e-04
1.767e-04
1.478e-04
1.489e-04
1.466e-04
1.334e-04
1.352e-04
1.364e-04
1.275e-04
2.464e-04
3.055e-04
1.676e-04
2.195e-04
2.434e-04
1.663e-04
1.556e-04
1.523e-04
1.508e-04
1.545e-04
1.530e-04
1.481e-04
1.322e-04
1.329e-04
1.409e-04
1.361e-04
1.614e-04
1.372e-04
1.544e-04
1.672e-04
3.262e-04
1.406e-04
1.487e-04
1.588e-04
1.637e-04
1.579e-04
1.536e-04
1.393e-04
1.416e-04
1.471e-04
1.464e-04
1.361e-04
1.355e-04
1.334e-04
1.356e-04
1.359e-04
1.377e-04
1.453e-04
1.402e-04
1.369e-04
1.329e-04
1.328e-04
1.428e-04
1.335e-04
1.427e-04
1.332e-04
1.301e-04
1.294e-04
1.298e-04
1.344e-04
1.271e-04
1.459e-04
1.417e-04
1.365e-04
1.509e-04
1.501e-04
1.475e-04
1.469e-04
1.475e-04
1.342e-04
1.423e-04
1.394e-04
1.390e-04
1.432e-04
1.377e-04
1.442e-04
1.383e-04
1.333e-04
1.356e-04
1.401e-04
1.350e-04
1.326e-04
1.383e-04
1.293e-04
1.310e-04
1.319e-04
1.301e-04
1.289e-04
1.308e-04
1.395e-04
1.343e-04
1.291e-04
1.356e-04
1.287e-04
1.299e-04
1.383e-04
1.399e-04
1.479e-04
1.386e-04
1.432e-04
1.318e-04
1.347e-04
1.338e-04
1.369e-04
1.375e-04
1.297e-04
1.317e-04
1.317e-04
1.317e-04
1.297e-04
1.340e-04
1.368e-04
1.317e-04
1.301e-04
1.318e-04
1.316e-04
1.299e-04
1.315e-04
1.380e-04
1.347e-04
1.306e-04
1.311e-04
1.287e-04
1.301e-04
1.300e-04
1.318e-04
1.382e-04
1.320e-04
1.315e-04
1.364e-04
1.369e-04
1.377e-04
1.413e-04
1.499e-04
1.303e-04
1.323e-04
1.299e-04
1.420e-04
1.350e-04
1.326e-04
1.471e-04
1.326e-04
1.315e-04
1.444e-04
1.326e-04
1.296e-04
1.344e-04
1.413e-04
1.379e-04
1.304e-04
1.324e-04
1.356e-04
1.308e-04
1.320e-04
1.314e-04
1.277e-04
1.321e-04
1.340e-04
1.303e-04
1.328e-04
1.308e-04
1.323e-04
1.389e-04
1.332e-04
1.336e-04
1.314e-04
1.323e-04
1.299e-04
1.332e-04
1.409e-04
1.339e-04
1.350e-04
1.322e-04
1.325e-04
1.325e-04
1.334e-04
1.520e-04
1.353e-04
1.344e-04
1.351e-04
1.339e-04
1.330e-04
1.343e-04
1.472e-04
1.339e-04
1.289e-04
1.353e-04
1.347e-04
1.335e-04
1.363e-04
1.357e-04
1.412e-04
1.346e-04
1.362e-04
1.315e-04
1.352e-04
1.361e-04
1.325e-04
1.430e-04
1.349e-04
1.353e-04
1.343e-04
1.351e-04
1.351e-04
1.351e-04
1.444e-04
1.379e-04
1.347e-04
1.345e-04
1.315e-04
1.318e-04
1.311e-04
1.389e-04
1.321e-04
1.481e-04
1.368e-04
1.343e-04
1.362e-04
1.365e-04
1.416e-04
1.351e-04
1.357e-04
1.351e-04
1.340e-04
1.347e-04
1.361e-04
1.435e-04
1.406e-04
1.366e-04
1.336e-04
1.355e-04
1.329e-04
1.453e-04
1.542e-04
1.430e-04
1.382e-04
1.339e-04
1.320e-04
1.321e-04
1.345e-04
2.362e-04
1.990e-04
1.501e-04
1.408e-04
1.355e-04
1.300e-04
1.419e-04
1.332e-04
1.400e-04
1.325e-04
1.384e-04
1.391e-04
1.357e-04
1.458e-04
1.357e-04
1.344e-04
1.335e-04
1.312e-04
1.304e-04
1.318e-04
1.405e-04
1.384e-04
1.485e-04
1.350e-04
1.553e-04
1.458e-04
1.439e-04
1.563e-04
1.458e-04
1.492e-04
1.549e-04
1.482e-04
1.654e-04
1.544e-04
1.483e-04
1.443e-04
1.448e-04
1.364e-04
1.461e-04
1.388e-04
1.445e-04
1.494e-04
1.426e-04
1.319e-04
1.445e-04
1.367e-04
1.357e-04
1.626e-04
3.097e-04
1.794e-04
1.701e-04
1.660e-04
1.746e-04
1.636e-04
1.495e-04
1.509e-04
1.496e-04
1.540e-04
1.628e-04
1.529e-04
1.628e-04
1.504e-04
1.475e-04
1.470e-04
1.569e-04
1.458e-04
1.466e-04
1.440e-04
1.475e-04
1.433e-04
1.454e-04
1.521e-04
2.161e-04
2.104e-04
1.398e-04
1.415e-04
1.429e-04
1.523e-04
1.430e-04
1.564e-04
1.374e-04
1.361e-04
1.370e-04
1.412e-04
1.401e-04
1.305e-04
1.314e-04
1.328e-04
1.315e-04
1.308e-04
1.322e-04
1.392e-04
1.340e-04
1.305e-04
1.332e-04
1.323e-04
1.324e-04
1.324e-04
1.439e-04
1.421e-04
1.355e-04
1.364e-04
1.357e-04
1.346e-04
1.372e-04
1.457e-04
1.363e-04
1.350e-04
1.362e-04
1.353e-04
1.343e-04
1.347e-04
1.469e-04
1.404e-04
1.347e-04
1.357e-04
1.363e-04
1.523e-04
1.397e-04
1.408e-04
1.372e-04
1.365e-04
1.362e-04
1.362e-04
1.351e-04
1.366e-04
1.474e-04
1.426e-04
1.354e-04
1.365e-04
1.351e-04
1.389e-04
1.359e-04
1.392e-04
1.359e-04
1.362e-04
1.368e-04
1.347e-04
1.345e-04
1.358e-04
1.359e-04
1.498e-04
1.333e-04
1.379e-04
1.355e-04
1.361e-04
1.358e-04
1.365e-04
1.431e-04
1.404e-04
1.326e-04
1.323e-04
1.322e-04
1.341e-04
1.357e-04
1.509e-04
1.326e-04
1.359e-04
1.332e-04
1.335e-04
1.366e-04
1.340e-04
1.408e-04
1.344e-04
1.337e-04
1.289e-04
1.305e-04
1.290e-04
1.348e-04
1.440e-04
1.386e-04
1.363e-04
1.367e-04
1.341e-04
1.346e-04
1.339e-04
1.493e-04
1.395e-04
1.399e-04
1.404e-04
1.368e-04
1.367e-04
1.363e-04
1.515e-04
1.517e-04
1.320e-04
1.340e-04
1.364e-04
1.390e-04
1.379e-04
1.417e-04
1.344e-04
1.493e-04
1.322e-04
1.427e-04
1.474e-04
1.370e-04
1.537e-04
1.409e-04
1.392e-04
1.477e-04
1.345e-04
1.333e-04
1.317e-04
1.464e-04
1.455e-04
1.407e-04
1.495e-04
1.487e-04
1.503e-04
1.473e-04
1.526e-04
1.461e-04
1.419e-04
1.463e-04
1.415e-04
1.662e-04
1.682e-04
1.442e-04
1.449e-04
1.494e-04
1.559e-04
5.392e-04
1.874e-04
1.722e-04
1.955e-04
1.820e-04
1.858e-04
1.755e-04
1.765e-04
1.746e-04
1.742e-04
1.794e-04
1.597e-04
1.499e-04
1.484e-04
1.512e-04
1.431e-04
1.442e-04
1.485e-04
1.467e-04
1.403e-04
3.129e-04
2.634e-04
1.858e-04
1.725e-04
1.768e-04
1.679e-04
1.605e-04
1.718e-04
1.582e-04
1.508e-04
1.481e-04
1.532e-04
1.417e-04
1.711e-04
4.338e-04
1.908e-04
1.756e-04
1.915e-04
1.681e-04
1.450e-04
1.440e-04
1.464e-04
1.472e-04
1.581e-04
1.460e-04
1.478e-04
1.405e-04
1.421e-04
1.402e-04
1.397e-04
1.483e-04
1.659e-04
1.392e-04
1.336e-04
1.538e-04
1.523e-04
1.455e-04
1.592e-04
1.561e-04
1.488e-04
1.497e-04
1.490e-04
1.501e-04
1.544e-04
1.446e-04
1.625e-04
1.412e-04
1.436e-04
1.419e-04
1.427e-04
1.502e-04
1.419e-04
1.424e-04
1.383e-04
1.383e-04
1.386e-04
1.444e-04
1.508e-04
1.455e-04
1.454e-04
1.380e-04
1.385e-04
1.400e-04
1.351e-04
1.403e-04
1.401e-04
1.553e-04
1.493e-04
1.513e-04
1.439e-04
1.453e-04
1.358e-04
1.362e-04
1.377e-04
1.360e-04
1.414e-04
1.352e-04
1.423e-04
1.440e-04
1.434e-04
1.413e-04
1.496e-04
1.662e-04
1.639e-04
1.710e-04
1.574e-04
1.711e-04
1.643e-04
2.042e-04
2.917e-04
1.723e-04
1.742e-04
1.739e-04
2.630e-04
2.125e-04
1.705e-04
1.645e-04
1.724e-04
1.716e-04
1.713e-04
1.569e-04
1.602e-04
1.579e-04
1.572e-04
1.550e-04
1.535e-04
1.487e-04
1.540e-04
1.399e-04
1.377e-04
1.518e-04
1.532e-04
1.918e-04
1.619e-04
1.609e-04
1.609e-04
1.588e-04
1.623e-04
1.698e-04
1.599e-04
1.423e-04
1.399e-04
1.403e-04
1.372e-04
1.435e-04
1.341e-04
1.305e-04
1.320e-04
1.292e-04
1.279e-04
1.300e-04
1.280e-04
1.371e-04
1.301e-04
1.300e-04
1.266e-04
1.303e-04
1.486e-04
1.419e-04
1.623e-04
1.473e-04
1.587e-04
1.559e-04
1.558e-04
1.575e-04
1.620e-04
1.533e-04
1.784e-04
1.514e-04
1.450e-04
1.463e-04
1.637e-04
1.489e-04
1.474e-04
1.500e-04
1.469e-04
1.553e-04
1.459e-04
1.526e-04
1.497e-04
1.530e-04
1.518e-04
1.528e-04
1.538e-04
1.585e-04
1.557e-04
1.541e-04
1.596e-04
1.571e-04
1.574e-04
1.731e-04
1.566e-04
1.543e-04
1.539e-04
1.557e-04
1.412e-04
1.417e-04
1.545e-04
1.468e-04
1.659e-04
1.653e-04
2.024e-04
1.741e-04
1.744e-04
1.745e-04
1.532e-04
1.538e-04
3.604e-04
3.534e-04
1.781e-04
1.779e-04
1.732e-04
1.862e-04
1.583e-04
1.630e-04
1.905e-04
2.264e-04
1.619e-04
2.267e-04
1.574e-04
1.964e-04
2.220e-04
3.646e-04
2.041e-04
1.919e-04
2.265e-04
2.300e-04
2.250e-04
2.214e-04
1.651e-04
1.633e-04
1.765e-04
1.583e-04
1.593e-04
1.520e-04
1.531e-04
1.496e-04
1.605e-04
1.533e-04
1.505e-04
1.512e-04
1.421e-04
1.446e-04
1.527e-04
1.445e-04
1.353e-04
1.399e-04
1.583e-04
1.536e-04
1.562e-04
1.666e-04
4.312e-04
1.735e-04
1.678e-04
1.867e-04
1.771e-04
1.890e-04
1.599e-04
1.599e-04
1.583e-04
1.678e-04
1.604e-04
1.582e-04
1.583e-04
1.598e-04
1.529e-04
1.618e-04
1.533e-04
1.502e-04
1.516e-04
1.492e-04
1.457e-04
1.475e-04
1.623e-04
1.464e-04
1.568e-04
1.542e-04
1.574e-04
1.561e-04
1.585e-04
1.530e-04
1.567e-04
1.494e-04
1.513e-04
1.486e-04
1.559e-04
1.467e-04
1.595e-04
1.557e-04
1.699e-04
1.614e-04
1.817e-04
1.705e-04
1.679e-04
1.718e-04
1.690e-04
1.712e-04
1.802e-04
1.717e-04
1.609e-04
1.607e-04
1.603e-04
1.599e-04
1.651e-04
1.566e-04
1.510e-04
1.510e-04
1.504e-04
1.487e-04
1.556e-04
1.504e-04
1.472e-04
1.491e-04
1.493e-04
1.474e-04
1.460e-04
1.629e-04
1.494e-04
1.534e-04
1.627e-04
1.669e-04
1.650e-04
1.828e-04
1.607e-04
1.568e-04
1.541e-04
1.573e-04
1.586e-04
1.801e-04
1.556e-04
1.619e-04
1.589e-04
1.608e-04
1.606e-04
1.646e-04
1.541e-04
1.572e-04
1.497e-04
1.491e-04
1.492e-04
1.493e-04
1.553e-04
1.480e-04
1.525e-04
1.483e-04
1.494e-04
1.454e-04
1.537e-04
1.625e-04
1.573e-04
1.483e-04
1.439e-04
1.437e-04
1.784e-04
1.782e-04
2.045e-04
2.112e-04
1.636e-04
1.642e-04
2.597e-04
2.368e-04
1.659e-04
1.630e-04
1.752e-04
1.657e-04
1.647e-04
1.635e-04
2.504e-04
2.543e-04
1.856e-04
1.729e-04
1.844e-04
1.748e-04
1.703e-04
1.696e-04
1.554e-04
1.660e-04
1.592e-04
1.632e-04
1.602e-04
1.656e-04
1.573e-04
1.592e-04
1.618e-04
1.693e-04
1.669e-04
1.621e-04
1.538e-04
1.491e-04
1.506e-04
1.620e-04
1.451e-04
1.620e-04
1.890e-04
1.757e-04
1.498e-04
1.570e-04
1.522e-04
1.667e-04
1.565e-04
2.613e-04
2.346e-04
2.700e-04
1.638e-04
1.630e-04
1.597e-04
1.533e-04
1.550e-04
1.658e-04
1.578e-04
1.535e-04
1.616e-04
1.387e-04
1.384e-04
1.495e-04
4.540e-04
1.807e-04
1.881e-04
2.253e-04
2.055e-04
1.883e-04
2.105e-04
2.139e-04
1.805e-04
1.692e-04
1.735e-04
1.665e-04
1.670e-04
1.751e-04
1.682e-04
1.613e-04
1.582e-04
1.644e-04
1.579e-04
1.539e-04
1.668e-04
4.321e-04
1.860e-04
1.678e-04
1.758e-04
1.542e-04
1.790e-04
1.552e-04
1.550e-04
1.549e-04
1.639e-04
1.432e-04
1.552e-04
1.773e-04
1.754e-04
1.728e-04
1.720e-04
1.739e-04
1.562e-04
1.600e-04
1.609e-04
1.508e-04
1.606e-04
1.587e-04
1.471e-04
1.507e-04
1.636e-04
1.593e-04
1.712e-04
1.526e-04
1.508e-04
1.614e-04
1.488e-04
1.529e-04
1.477e-04
1.677e-04
1.457e-04
1.445e-04
1.464e-04
1.788e-04
2.049e-04
1.769e-04
1.677e-04
1.685e-04
1.509e-04
1.499e-04
1.525e-04
1.554e-04
1.547e-04
1.453e-04
1.477e-04
1.470e-04
1.473e-04
1.536e-04
1.468e-04
1.502e-04
1.460e-04
1.439e-04
1.494e-04
1.308e-04
1.383e-04
1.341e-04
1.350e-04
1.521e-04
1.420e-04
1.438e-04
1.416e-04
1.477e-04
1.428e-04
1.401e-04
1.369e-04
1.352e-04
1.334e-04
1.366e-04
1.606e-04
1.810e-04
1.449e-04
1.443e-04
1.387e-04
1.440e-04
1.559e-04
1.430e-04
1.444e-04
1.484e-04
1.494e-04
1.452e-04
1.457e-04
1.570e-04
1.467e-04
1.486e-04
1.546e-04
1.439e-04
1.429e-04
1.454e-04
1.529e-04
1.477e-04
1.451e-04
1.457e-04
1.416e-04
1.546e-04
1.665e-04
1.614e-04
1.546e-04
1.435e-04
1.410e-04
1.444e-04
1.578e-04
1.517e-04
1.426e-04
1.438e-04
1.518e-04
2.015e-04
1.625e-04
1.859e-04
1.650e-04
1.655e-04
1.652e-04
1.657e-04
1.584e-04
1.520e-04
1.514e-04
1.698e-04
1.659e-04
1.665e-04
1.725e-04
1.668e-04
1.609e-04
1.593e-04
1.625e-04
1.517e-04
1.613e-04
1.530e-04
1.496e-04
1.410e-04
1.425e-04
1.427e-04
1.361e-04
1.472e-04
1.529e-04
1.594e-04
1.455e-04
1.613e-04
1.482e-04
1.633e-04
1.479e-04
1.510e-04
1.494e-04
1.534e-04
1.666e-04
1.707e-04
1.734e-04
1.589e-04
1.534e-04
1.520e-04
1.623e-04
1.761e-04
1.694e-04
1.837e-04
1.770e-04
1.718e-04
2.677e-04
1.878e-04
3.461e-04
1.827e-04
1.791e-04
1.794e-04
1.850e-04
1.760e-04
1.769e-04
1.740e-04
1.954e-04
2.617e-04
1.946e-04
1.768e-04
1.721e-04
1.774e-04
1.765e-04
3.821e-04
1.870e-04
1.959e-04
2.022e-04
1.905e-04
2.004e-04
1.920e-04
1.923e-04
1.850e-04
1.738e-04
1.699e-04
1.804e-04
1.809e-04
3.111e-04
3.166e-04
1.840e-04
1.832e-04
1.816e-04
1.823e-04
1.612e-04
1.622e-04
1.640e-04
1.544e-04
1.507e-04
1.554e-04
1.530e-04
1.503e-04
1.542e-04
1.585e-04
1.520e-04
1.614e-04
1.521e-04
1.552e-04
1.554e-04
1.553e-04
1.613e-04
1.544e-04
1.566e-04
1.560e-04
1.506e-04
1.525e-04
1.530e-04
1.510e-04
1.521e-04
1.496e-04
1.523e-04
1.515e-04
1.500e-04
1.522e-04
1.517e-04
1.511e-04
1.638e-04
1.503e-04
1.531e-04
1.544e-04
1.533e-04
1.679e-04
1.582e-04
1.604e-04
1.783e-04
1.791e-04
1.707e-04
1.803e-04
1.686e-04
1.695e-04
1.723e-04
1.587e-04
1.600e-04
1.538e-04
1.501e-04
1.519e-04
1.519e-04
1.518e-04
1.530e-04
1.526e-04
1.518e-04
1.517e-04
1.498e-04
1.541e-04
1.517e-04
1.573e-04
1.541e-04
1.480e-04
1.511e-04
2.002e-04
1.839e-04
1.774e-04
1.763e-04
1.723e-04
1.632e-04
1.653e-04
1.637e-04
1.528e-04
1.573e-04
1.567e-04
1.448e-04
1.559e-04
1.515e-04
1.512e-04
1.523e-04
1.519e-04
1.505e-04
1.498e-04
1.556e-04
1.674e-04
1.684e-04
1.699e-04
1.656e-04
1.602e-04
1.852e-04
1.719e-04
1.690e-04
1.684e-04
1.678e-04
1.721e-04
1.763e-04
1.752e-04
1.717e-04
1.732e-04
1.730e-04
1.749e-04
1.706e-04
1.688e-04
1.696e-04
1.594e-04
1.591e-04
1.575e-04
1.533e-04
1.550e-04
1.557e-04
1.538e-04
1.531e-04
1.761e-04
1.666e-04
1.770e-04
1.628e-04
1.679e-04
1.803e-04
1.760e-04
1.762e-04
1.610e-04
1.608e-04
1.631e-04
1.576e-04
1.534e-04
1.598e-04
1.479e-04
1.630e-04
1.491e-04
1.630e-04
1.523e-04
1.487e-04
1.678e-04
1.645e-04
1.795e-04
1.766e-04
1.837e-04
1.967e-04
1.871e-04
1.941e-04
1.738e-04
1.751e-04
1.647e-04
1.522e-04
1.603e-04
1.534e-04
1.508e-04
1.804e-04
1.936e-04
1.651e-04
1.638e-04
1.727e-04
1.842e-04
1.720e-04
1.717e-04
2.813e-04
3.472e-04
1.815e-04
1.785e-04
1.763e-04
1.874e-04
1.830e-04
1.856e-04
1.827e-04
1.817e-04
1.682e-04
1.692e-04
1.733e-04
1.559e-04
1.560e-04
1.590e-04
2.757e-04
1.781e-04
1.787e-04
1.690e-04
1.715e-04
1.653e-04
1.697e-04
1.739e-04
1.919e-04
1.888e-04
1.766e-04
1.741e-04
1.649e-04
1.587e-04
1.768e-04
1.638e-04
1.660e-04
1.664e-04
1.604e-04
1.593e-04
1.531e-04
1.528e-04
1.532e-04
1.608e-04
1.667e-04
1.613e-04
1.662e-04
1.653e-04
1.644e-04
1.649e-04
1.599e-04
1.633e-04
1.582e-04
1.488e-04
1.504e-04
1.512e-04
1.604e-04
1.679e-04
1.656e-04
1.706e-04
1.641e-04
1.652e-04
1.606e-04
1.630e-04
1.482e-04
1.627e-04
1.781e-04
1.644e-04
1.663e-04
1.775e-04
1.851e-04
1.857e-04
1.930e-04
1.874e-04
1.978e-04
3.890e-04
1.953e-04
1.975e-04
1.997e-04
1.938e-04
1.863e-04
1.842e-04
1.827e-04
1.901e-04
1.795e-04
1.762e-04
1.833e-04
1.815e-04
1.824e-04
1.769e-04
1.800e-04
1.686e-04
1.717e-04
1.901e-04
1.739e-04
1.781e-04
1.758e-04
1.795e-04
1.616e-04
1.684e-04
1.628e-04
1.553e-04
1.541e-04
1.564e-04
1.548e-04
1.578e-04
1.553e-04
1.568e-04
1.520e-04
1.561e-04
1.532e-04
1.573e-04
1.511e-04
1.659e-04
1.640e-04
1.620e-04
1.584e-04
1.657e-04
1.608e-04
1.541e-04
1.695e-04
1.720e-04
1.725e-04
1.601e-04
1.606e-04
1.769e-04
1.515e-04
1.529e-04
1.570e-04
1.755e-04
1.612e-04
1.642e-04
1.669e-04
1.701e-04
1.664e-04
1.754e-04
1.615e-04
1.607e-04
1.581e-04
1.643e-04
1.614e-04
1.614e-04
1.671e-04
1.545e-04
1.569e-04
1.544e-04
1.567e-04
1.572e-04
1.565e-04
1.584e-04
1.559e-04
1.546e-04
1.534e-04
1.696e-04
1.782e-04
1.779e-04
1.610e-04
1.710e-04
1.727e-04
1.575e-04
1.578e-04
1.555e-04
1.578e-04
1.575e-04
1.594e-04
1.618e-04
1.781e-04
1.648e-04
1.600e-04
1.637e-04
1.576e-04
1.541e-04
1.543e-04
1.660e-04
1.628e-04
1.640e-04
1.645e-04
1.679e-04
1.695e-04
1.697e-04
1.688e-04
1.706e-04
1.644e-04
1.610e-04
1.655e-04
1.576e-04
1.566e-04
1.651e-04
1.635e-04
1.737e-04
1.673e-04
1.537e-04
1.477e-04
1.468e-04
1.799e-04
1.729e-04
1.811e-04
1.689e-04
2.870e-04
3.667e-04
2.058e-04
2.056e-04
1.975e-04
2.016e-04
1.988e-04
1.919e-04
1.766e-04
1.807e-04
2.045e-04
1.939e-04
2.029e-04
2.147e-04
2.191e-04
2.129e-04
2.063e-04
2.201e-04
1.813e-04
1.820e-04
1.785e-04
1.903e-04
1.936e-04
1.951e-04
1.933e-04
1.829e-04
1.730e-04
1.688e-04
1.681e-04
1.711e-04
1.746e-04
1.804e-04
2.204e-04
4.294e-04
1.883e-04
1.942e-04
1.908e-04
1.735e-04
1.743e-04
1.771e-04
1.730e-04
1.699e-04
1.727e-04
1.622e-04
1.751e-04
1.647e-04
1.566e-04
1.659e-04
1.873e-04
1.950e-04
1.961e-04
1.859e-04
1.838e-04
1.811e-04
1.796e-04
1.769e-04
1.584e-04
1.632e-04
1.566e-04
1.586e-04
1.582e-04
1.556e-04
1.564e-04
1.605e-04
1.576e-04
1.585e-04
1.587e-04
1.588e-04
1.575e-04
1.620e-04
1.586e-04
1.636e-04
1.589e-04
1.592e-04
1.566e-04
1.733e-04
1.626e-04
1.573e-04
1.607e-04
1.578e-04
1.592e-04
1.621e-04
1.616e-04
1.596e-04
1.599e-04
1.576e-04
1.583e-04
1.581e-04
1.592e-04
1.580e-04
1.595e-04
1.575e-04
1.585e-04
1.609e-04
1.636e-04
1.608e-04
1.631e-04
1.461e-04
1.416e-04
1.446e-04
1.786e-04
1.613e-04
1.515e-04
1.562e-04
1.534e-04
1.694e-04
1.705e-04
1.689e-04
1.996e-04
1.771e-04
1.673e-04
1.906e-04
2.186e-04
1.980e-04
1.830e-04
1.863e-04
1.873e-04
1.773e-04
1.751e-04
1.843e-04
1.681e-04
1.677e-04
1.936e-04
1.930e-04
1.836e-04
1.835e-04
1.816e-04
1.829e-04
1.755e-04
1.659e-04
1.656e-04
1.626e-04
1.635e-04
1.636e-04
1.628e-04
1.618e-04
1.578e-04
1.683e-04
1.653e-04
1.585e-04
1.588e-04
1.627e-04
1.657e-04
1.661e-04
1.651e-04
1.624e-04
1.746e-04
1.709e-04
1.722e-04
1.717e-04
1.718e-04
1.653e-04
1.633e-04
1.709e-04
1.611e-04
1.606e-04
1.581e-04
1.596e-04
1.563e-04
1.693e-04
1.786e-04
1.703e-04
1.843e-04
1.741e-04
1.790e-04
1.752e-04
1.601e-04
1.586e-04
1.738e-04
1.583e-04
1.605e-04
1.660e-04
1.610e-04
1.651e-04
2.040e-04
1.979e-04
1.948e-04
1.963e-04
1.784e-04
2.814e-04
3.432e-04
1.931e-04
1.951e-04
2.017e-04
1.949e-04
1.903e-04
1.871e-04
1.912e-04
1.882e-04
1.851e-04
1.715e-04
1.733e-04
1.677e-04
1.715e-04
2.893e-04
2.062e-04
2.046e-04
1.776e-04
1.738e-04
1.782e-04
1.780e-04
1.787e-04
1.808e-04
1.815e-04
1.708e-04
1.668e-04
1.677e-04
1.673e-04
1.644e-04
1.685e-04
3.258e-04
1.974e-04
1.770e-04
1.748e-04
1.767e-04
1.699e-04
1.792e-04
1.811e-04
1.750e-04
1.730e-04
1.802e-04
1.675e-04
1.648e-04
1.871e-04
1.662e-04
1.722e-04
1.703e-04
1.813e-04
1.743e-04
1.837e-04
1.701e-04
1.881e-04
1.770e-04
1.753e-04
1.738e-04
1.691e-04
1.644e-04
1.594e-04
1.592e-04
1.637e-04
1.614e-04
1.610e-04
1.634e-04
1.614e-04
1.621e-04
1.631e-04
1.636e-04
1.624e-04
1.593e-04
1.624e-04
1.618e-04
1.608e-04
1.646e-04
1.612e-04
1.771e-04
1.663e-04
1.763e-04
1.842e-04
1.825e-04
1.822e-04
1.722e-04
1.699e-04
1.776e-04
1.753e-04
1.735e-04
1.790e-04
1.703e-04
1.691e-04
1.662e-04
1.690e-04
1.672e-04
1.679e-04
1.691e-04
1.643e-04
1.621e-04
1.633e-04
1.622e-04
1.656e-04
1.643e-04
1.628e-04
1.852e-04
1.847e-04
1.789e-04
1.824e-04
1.826e-04
1.664e-04
1.643e-04
1.867e-04
1.760e-04
1.771e-04
1.757e-04
1.788e-04
1.758e-04
1.793e-04
1.721e-04
1.671e-04
1.709e-04
1.695e-04
1.715e-04
1.628e-04
1.661e-04
1.680e-04
1.735e-04
1.759e-04
1.753e-04
1.703e-04
1.653e-04
1.714e-04
1.740e-04
1.775e-04
1.664e-04
1.674e-04
1.768e-04
1.627e-04
1.738e-04
1.680e-04
1.724e-04
1.714e-04
1.815e-04
1.646e-04
1.661e-04
1.652e-04
1.786e-04
1.865e-04
1.833e-04
1.779e-04
1.955e-04
1.869e-04
1.875e-04
1.719e-04
1.742e-04
1.731e-04
1.639e-04
1.647e-04
1.625e-04
1.614e-04
1.654e-04
1.647e-04
1.743e-04
1.737e-04
1.797e-04
1.747e-04
1.945e-04
1.921e-04
2.084e-04
2.019e-04
1.952e-04
1.937e-04
2.011e-04
1.983e-04
1.894e-04
1.914e-04
1.920e-04
1.926e-04
2.223e-04
2.111e-04
2.260e-04
2.122e-04
3.170e-04
2.651e-04
5.801e-04
2.871e-04
2.087e-04
2.107e-04
2.152e-04
2.272e-04
2.614e-04
2.256e-04
2.201e-04
2.034e-04
2.001e-04
3.547e-04
1.948e-04
1.961e-04
1.919e-04
1.922e-04
1.964e-04
1.948e-04
1.778e-04
1.972e-04
1.802e-04
1.783e-04
1.707e-04
1.731e-04
1.738e-04
1.620e-04
1.656e-04
1.603e-04
1.802e-04
1.894e-04
1.877e-04
1.722e-04
1.795e-04
1.919e-04
1.838e-04
1.946e-04
1.933e-04
1.955e-04
1.915e-04
1.860e-04
1.952e-04
4.123e-04
1.922e-04
1.951e-04
1.912e-04
1.915e-04
1.992e-04
1.927e-04
1.886e-04
1.907e-04
1.884e-04
1.841e-04
1.761e-04
1.777e-04
1.855e-04
1.806e-04
1.875e-04
1.731e-04
1.762e-04
1.891e-04
1.746e-04
1.756e-04
1.785e-04
1.808e-04
1.843e-04
1.783e-04
1.738e-04
1.737e-04
1.709e-04
1.728e-04
1.662e-04
1.695e-04
1.662e-04
1.643e-04
1.661e-04
1.661e-04
1.650e-04
1.673e-04
1.666e-04
1.659e-04
1.654e-04
1.667e-04
1.664e-04
1.802e-04
1.701e-04
1.886e-04
1.831e-04
1.894e-04
2.015e-04
2.122e-04
1.910e-04
1.835e-04
1.796e-04
1.927e-04
1.786e-04
1.779e-04
1.739e-04
1.825e-04
1.801e-04
1.748e-04
1.786e-04
1.792e-04
1.769e-04
1.819e-04
1.995e-04
1.810e-04
1.851e-04
1.855e-04
1.874e-04
1.818e-04
1.815e-04
1.779e-04
1.744e-04
1.736e-04
1.743e-04
1.715e-04
1.716e-04
1.740e-04
1.923e-04
1.894e-04
1.881e-04
1.873e-04
1.796e-04
1.835e-04
1.771e-04
1.761e-04
1.862e-04
1.830e-04
1.802e-04
1.815e-04
1.850e-04
2.288e-04
1.906e-04
1.866e-04
1.826e-04
1.849e-04
1.837e-04
1.824e-04
1.809e-04
1.762e-04
1.756e-04
1.743e-04
1.740e-04
1.694e-04
1.699e-04
1.671e-04
1.959e-04
1.871e-04
1.913e-04
1.795e-04
1.830e-04
1.921e-04
2.043e-04
2.067e-04
1.903e-04
1.879e-04
1.918e-04
2.088e-04
1.958e-04
1.993e-04
1.994e-04
1.978e-04
1.860e-04
1.669e-04
1.666e-04
1.613e-04
1.622e-04
1.720e-04
1.725e-04
1.968e-04
1.838e-04
1.698e-04
1.866e-04
1.845e-04
1.937e-04
2.586e-04
3.322e-04
1.846e-04
1.921e-04
1.961e-04
1.936e-04
1.977e-04
2.035e-04
1.918e-04
1.893e-04
1.977e-04
1.871e-04
1.838e-04
2.301e-04
1.792e-04
1.825e-04
1.863e-04
1.874e-04
1.848e-04
1.928e-04
1.881e-04
1.954e-04
1.916e-04
1.805e-04
1.715e-04
1.778e-04
1.885e-04
1.752e-04
1.795e-04
1.925e-04
1.848e-04
1.873e-04
1.911e-04
1.878e-04
3.277e-04
1.833e-04
1.895e-04
1.867e-04
1.862e-04
1.856e-04
1.841e-04
1.870e-04
1.818e-04
1.746e-04
1.770e-04
1.743e-04
1.784e-04
1.975e-04
2.028e-04
1.906e-04
1.912e-04
1.901e-04
2.012e-04
2.181e-04
1.925e-04
1.927e-04
1.933e-04
1.849e-04
1.795e-04
1.764e-04
1.682e-04
1.701e-04
1.648e-04
1.634e-04
1.657e-04
1.645e-04
1.636e-04
1.661e-04
1.672e-04
1.695e-04
1.650e-04
1.734e-04
1.787e-04
1.793e-04
1.765e-04
1.771e-04
1.772e-04
1.723e-04
1.751e-04
1.762e-04
1.748e-04
1.732e-04
1.870e-04
1.714e-04
1.629e-04
1.646e-04
1.920e-04
1.997e-04
2.004e-04
2.007e-04
2.003e-04
1.991e-04
1.848e-04
1.838e-04
1.769e-04
1.782e-04
1.746e-04
1.773e-04
1.771e-04
1.820e-04
1.822e-04
1.827e-04
1.820e-04
1.784e-04
1.779e-04
1.749e-04
3.265e-04
1.970e-04
2.003e-04
1.945e-04
2.073e-04
1.949e-04
1.973e-04
1.916e-04
1.878e-04
1.860e-04
1.864e-04
1.879e-04
1.817e-04
1.905e-04
1.889e-04
1.864e-04
1.901e-04
1.891e-04
1.888e-04
1.877e-04
1.912e-04
1.932e-04
1.860e-04
1.923e-04
1.788e-04
1.855e-04
1.750e-04
1.838e-04
1.699e-04
1.774e-04
1.777e-04
2.067e-04
2.184e-04
2.056e-04
2.049e-04
3.147e-04
1.979e-04
1.815e-04
1.820e-04
1.905e-04
1.812e-04
1.860e-04
1.718e-04
1.840e-04
1.666e-04
1.646e-04
1.638e-04
1.907e-04
1.836e-04
1.840e-04
1.815e-04
1.909e-04
2.040e-04
2.081e-04
1.997e-04
1.984e-04
1.837e-04
2.118e-04
2.129e-04
2.034e-04
1.959e-04
3.785e-04
4.309e-04
2.027e-04
2.012e-04
2.113e-04
1.895e-04
1.972e-04
1.950e-04
1.934e-04
1.914e-04
1.783e-04
1.913e-04
2.076e-04
3.591e-04
1.847e-04
1.824e-04
2.177e-04
1.798e-04
2.027e-04
2.091e-04
2.091e-04
2.483e-04
1.867e-04
1.931e-04
1.907e-04
1.917e-04
1.831e-04
1.816e-04
1.855e-04
3.026e-04
1.933e-04
1.863e-04
1.811e-04
1.775e-04
1.745e-04
1.736e-04
1.727e-04
1.694e-04
1.728e-04
1.693e-04
1.710e-04
1.692e-04
1.695e-04
1.712e-04
1.725e-04
1.743e-04
1.666e-04
1.638e-04
1.767e-04
1.826e-04
3.147e-04
2.625e-04
2.233e-04
2.134e-04
2.096e-04
1.866e-04
1.827e-04
1.820e-04
1.805e-04
1.829e-04
1.726e-04
1.710e-04
1.701e-04
1.695e-04
1.703e-04
1.722e-04
1.727e-04
1.687e-04
1.718e-04
1.683e-04
1.905e-04
1.690e-04
1.895e-04
2.019e-04
1.950e-04
2.092e-04
2.216e-04
2.026e-04
1.972e-04
2.393e-04
2.242e-04
2.233e-04
2.152e-04
2.179e-04
2.275e-04
2.122e-04
2.108e-04
1.939e-04
1.910e-04
1.980e-04
1.856e-04
1.787e-04
1.755e-04
1.776e-04
1.823e-04
1.785e-04
1.742e-04
1.858e-04
1.704e-04
1.636e-04
1.659e-04
1.861e-04
1.767e-04
2.036e-04
1.787e-04
1.797e-04
1.906e-04
1.792e-04
1.867e-04
1.711e-04
1.756e-04
1.845e-04
1.857e-04
1.786e-04
1.809e-04
1.739e-04
1.699e-04
1.723e-04
1.725e-04
1.687e-04
1.716e-04
1.761e-04
1.700e-04
1.704e-04
1.698e-04
1.710e-04
1.680e-04
1.702e-04
1.738e-04
1.717e-04
1.718e-04
1.717e-04
1.837e-04
1.733e-04
1.702e-04
1.697e-04
1.651e-04
1.818e-04
1.848e-04
1.746e-04
1.764e-04
1.687e-04
1.762e-04
1.724e-04
1.740e-04
1.767e-04
1.722e-04
1.724e-04
1.781e-04
1.681e-04
1.736e-04
1.691e-04
1.643e-04
1.702e-04
1.680e-04
1.672e-04
1.724e-04
1.759e-04
1.690e-04
1.664e-04
1.642e-04
1.703e-04
1.695e-04
1.834e-04
1.716e-04
1.772e-04
1.791e-04
1.888e-04
1.945e-04
2.046e-04
1.882e-04
1.955e-04
1.897e-04
1.848e-04
1.855e-04
3.519e-04
3.580e-04
2.028e-04
2.039e-04
2.009e-04
2.069e-04
2.032e-04
2.164e-04
1.946e-04
1.944e-04
2.142e-04
1.877e-04
1.829e-04
2.009e-04
1.860e-04
2.544e-04
2.050e-04
2.005e-04
2.053e-04
1.951e-04
2.033e-04
1.979e-04
1.900e-04
1.911e-04
1.801e-04
1.873e-04
1.846e-04
1.792e-04
1.812e-04
1.827e-04
1.813e-04
1.840e-04
1.794e-04
1.796e-04
1.813e-04
1.761e-04
1.728e-04
1.824e-04
1.769e-04
1.775e-04
1.868e-04
2.023e-04
3.970e-04
2.135e-04
1.996e-04
2.176e-04
2.142e-04
2.138e-04
1.961e-04
1.883e-04
1.900e-04
1.789e-04
1.769e-04
1.751e-04
1.733e-04
1.734e-04
1.758e-04
1.723e-04
1.726e-04
1.731e-04
1.734e-04
1.774e-04
1.813e-04
1.793e-04
1.824e-04
1.850e-04
1.871e-04
2.002e-04
1.871e-04
1.858e-04
1.942e-04
1.912e-04
1.973e-04
1.942e-04
1.827e-04
1.853e-04
1.838e-04
1.773e-04
1.818e-04
1.712e-04
1.806e-04
1.802e-04
1.859e-04
1.842e-04
1.873e-04
1.931e-04
2.026e-04
1.816e-04
1.832e-04
1.903e-04
1.807e-04
1.848e-04
1.764e-04
1.738e-04
1.847e-04
1.748e-04
1.952e-04
1.964e-04
1.966e-04
2.048e-04
2.040e-04
1.941e-04
1.985e-04
1.946e-04
2.054e-04
2.034e-04
2.050e-04
1.967e-04
1.918e-04
1.846e-04
1.859e-04
1.844e-04
1.836e-04
1.874e-04
1.864e-04
1.946e-04
1.983e-04
1.905e-04
2.047e-04
2.081e-04
1.897e-04
1.951e-04
2.521e-04
3.004e-04
2.247e-04
2.222e-04
2.277e-04
2.225e-04
2.157e-04
2.164e-04
2.683e-04
2.211e-04
2.193e-04
2.267e-04
2.253e-04
2.281e-04
2.215e-04
2.052e-04
2.084e-04
2.050e-04
2.029e-04
1.959e-04
2.083e-04
2.071e-04
2.138e-04
2.095e-04
2.307e-04
2.057e-04
2.123e-04
2.124e-04
2.065e-04
2.189e-04
2.115e-04
2.092e-04
2.103e-04
2.049e-04
2.101e-04
2.048e-04
2.113e-04
2.015e-04
2.105e-04
2.030e-04
2.157e-04
2.199e-04
2.151e-04
2.099e-04
3.454e-04
3.694e-04
2.281e-04
2.849e-04
2.293e-04
2.640e-04
2.203e-04
2.159e-04
2.115e-04
2.364e-04
2.236e-04
2.121e-04
2.099e-04
2.022e-04
2.018e-04
2.060e-04
1.914e-04
1.925e-04
1.922e-04
1.972e-04
1.975e-04
1.962e-04
2.060e-04
1.976e-04
2.086e-04
2.054e-04
2.014e-04
2.216e-04
3.243e-04
2.125e-04
2.093e-04
2.108e-04
1.993e-04
2.026e-04
1.974e-04
2.043e-04
2.040e-04
1.817e-04
1.958e-04
1.976e-04
1.987e-04
1.978e-04
1.871e-04
1.879e-04
1.849e-04
1.859e-04
2.016e-04
4.621e-04
2.277e-04
2.276e-04
2.222e-04
2.596e-04
2.418e-04
2.064e-04
2.175e-04
2.068e-04
2.065e-04
2.120e-04
2.053e-04
2.135e-04
2.163e-04
2.116e-04
2.188e-04
2.007e-04
2.037e-04
2.031e-04
1.963e-04
2.017e-04
2.008e-04
1.905e-04
1.928e-04
1.863e-04
1.831e-04
1.894e-04
1.923e-04
1.871e-04
2.123e-04
1.876e-04
2.051e-04
2.021e-04
1.964e-04
2.039e-04
1.877e-04
1.966e-04
2.006e-04
1.917e-04
1.964e-04
2.109e-04
1.951e-04
2.059e-04
2.031e-04
2.016e-04
1.963e-04
1.945e-04
1.956e-04
1.886e-04
1.876e-04
1.922e-04
1.936e-04
1.880e-04
1.914e-04
1.893e-04
1.895e-04
2.212e-04
1.888e-04
1.819e-04
1.807e-04
1.789e-04
2.034e-04
2.032e-04
2.106e-04
1.937e-04
1.945e-04
2.020e-04
1.954e-04
2.027e-04
1.938e-04
2.000e-04
2.071e-04
1.932e-04
2.059e-04
2.082e-04
2.022e-04
1.992e-04
1.875e-04
2.013e-04
2.012e-04
1.953e-04
1.955e-04
2.086e-04
1.937e-04
2.035e-04
1.951e-04
1.963e-04
2.015e-04
2.002e-04
1.980e-04
2.088e-04
2.017e-04
2.055e-04
2.003e-04
2.022e-04
2.061e-04
2.032e-04
2.009e-04
2.002e-04
2.034e-04
2.051e-04
2.178e-04
2.224e-04
2.146e-04
2.321e-04
2.361e-04
4.105e-04
4.446e-04
2.401e-04
2.449e-04
2.387e-04
2.638e-04
2.428e-04
2.629e-04
2.518e-04
2.602e-04
2.811e-04
2.624e-04
2.505e-04
2.286e-04
2.265e-04
2.392e-04
2.187e-04
2.248e-04
2.259e-04
2.117e-04
2.117e-04
2.198e-04
3.307e-04
2.102e-04
2.014e-04
2.002e-04
1.961e-04
1.886e-04
1.870e-04
1.841e-04
1.765e-04
1.800e-04
1.911e-04
1.995e-04
1.996e-04
1.946e-04
1.992e-04
1.973e-04
2.167e-04
2.091e-04
2.066e-04
1.961e-04
2.030e-04
1.924e-04
1.869e-04
1.955e-04
1.972e-04
2.302e-04
1.832e-04
2.000e-04
2.159e-04
2.097e-04
2.126e-04
2.166e-04
2.067e-04
1.965e-04
1.938e-04
1.942e-04
1.983e-04
1.926e-04
1.989e-04
4.797e-04
2.158e-04
1.921e-04
1.917e-04
1.823e-04
1.810e-04
1.714e-04
1.774e-04
1.790e-04
1.903e-04
1.719e-04
1.996e-04
2.058e-04
1.907e-04
1.955e-04
1.973e-04
2.002e-04
2.119e-04
1.882e-04
1.830e-04
1.979e-04
2.008e-04
2.005e-04
1.963e-04
1.944e-04
1.924e-04
2.352e-04
2.255e-04
1.842e-04
1.741e-04
1.736e-04
1.775e-04
1.734e-04
1.771e-04
1.866e-04
1.799e-04
1.764e-04
1.760e-04
2.129e-04
2.277e-04
2.099e-04
2.039e-04
2.067e-04
2.092e-04
1.984e-04
1.984e-04
1.874e-04
1.763e-04
1.865e-04
1.734e-04
1.868e-04
1.697e-04
1.687e-04
1.772e-04
1.774e-04
1.995e-04
1.821e-04
1.720e-04
1.963e-04
2.035e-04
2.104e-04
1.918e-04
1.999e-04
1.870e-04
1.887e-04
2.107e-04
1.874e-04
2.008e-04
1.970e-04
1.969e-04
1.968e-04
1.846e-04
1.830e-04
1.784e-04
2.082e-04
2.048e-04
2.005e-04
1.976e-04
2.029e-04
2.243e-04
2.158e-04
2.141e-04
2.130e-04
1.844e-04
1.839e-04
1.798e-04
1.759e-04
1.784e-04
1.977e-04
1.975e-04
1.935e-04
2.397e-04
2.288e-04
2.212e-04
2.000e-04
3.315e-04
3.965e-04
2.189e-04
2.105e-04
2.136e-04
2.185e-04
2.126e-04
2.047e-04
1.903e-04
1.911e-04
2.070e-04
2.071e-04
2.084e-04
2.052e-04
1.917e-04
1.833e-04
1.885e-04
2.193e-04
2.034e-04
2.039e-04
2.036e-04
2.011e-04
1.882e-04
1.930e-04
1.961e-04
1.916e-04
1.796e-04
1.793e-04
1.787e-04
1.767e-04
1.803e-04
1.798e-04
1.782e-04
1.795e-04
1.784e-04
1.789e-04
2.078e-04
1.805e-04
1.851e-04
1.904e-04
2.037e-04
1.984e-04
4.985e-04
2.111e-04
2.036e-04
2.244e-04
2.774e-04
2.727e-04
2.730e-04
2.388e-04
2.645e-04
2.150e-04
2.346e-04
2.162e-04
2.090e-04
2.199e-04
2.114e-04
2.157e-04
2.126e-04
2.116e-04
2.090e-04
2.010e-04
1.903e-04
1.909e-04
1.891e-04
1.906e-04
1.905e-04
1.817e-04
1.834e-04
2.033e-04
2.184e-04
1.881e-04
1.927e-04
1.881e-04
1.900e-04
1.845e-04
1.787e-04
1.883e-04
1.778e-04
1.849e-04
1.875e-04
1.878e-04
1.961e-04
1.727e-04
1.770e-04
1.923e-04
1.938e-04
1.989e-04
1.947e-04
1.914e-04
1.954e-04
1.934e-04
1.859e-04
1.794e-04
1.930e-04
1.849e-04
1.830e-04
2.183e-04
2.119e-04
2.019e-04
2.076e-04
2.169e-04
2.266e-04
2.171e-04
2.027e-04
2.026e-04
1.933e-04
1.935e-04
1.957e-04
1.927e-04
1.944e-04
1.820e-04
1.845e-04
1.919e-04
1.941e-04
2.050e-04
1.878e-04
2.115e-04
2.106e-04
2.130e-04
2.114e-04
2.094e-04
2.102e-04
2.229e-04
2.060e-04
2.123e-04
2.200e-04
2.134e-04
2.121e-04
2.001e-04
2.048e-04
1.954e-04
1.993e-04
1.949e-04
1.883e-04
1.870e-04
1.943e-04
1.825e-04
2.062e-04